node_id,0,1,2,3,4,5,6,7,8,9,10,11,12,13,14,15,16,17,18,19,20,21,22,23,24,25,26,27,28,29,30,31,32,33,34,35,36,37,38,39,40,41,42,43,44,45,46,47,48,49,50,51,52,53,54,55,56,57,58,59,60,61,62,63,64,65,66,67,68,69,70,71,72,73,74,75,76,77,78,79,80,81,82,83,84,85,86,87,88,89,90,91,92,93,94,95,96,97,98,99
0,0.000000,44.020554,144.158627,218.093322,274.228521,349.711058,433.826617,501.812600,607.885587,671.808839,119.181977,112.748812,167.290916,251.054655,304.553828,374.284226,457.145979,533.769776,623.553032,668.994439,194.733344,186.860684,251.858737,284.678467,379.302259,399.685599,468.796527,543.077921,641.434174,682.811774,262.135655,269.812022,284.407567,368.250389,399.299567,488.440314,550.289630,584.643778,678.271068,755.993472,305.052062,339.213787,372.003858,424.923881,481.953970,527.838079,577.670188,631.823871,694.747657,755.333629,402.409941,426.969951,436.792013,466.771068,520.474385,580.021825,629.774677,659.673412,764.101808,819.603391,462.430269,462.146111,528.461374,534.838782,581.619173,633.537908,669.871993,710.837422,803.763984,862.065572,562.947735,580.662367,571.588866,603.942070,672.607898,662.271664,769.846093,782.866146,849.976582,913.784394,611.733801,640.555410,657.859111,668.163085,724.689737,760.222471,819.651572,856.345299,893.134826,960.349672,684.030842,718.850054,723.943353,774.496054,795.780456,838.146558,863.084063,903.372632,966.118099,1026.541931
1,44.020554,0.000000,100.751148,174.831996,231.769085,306.625875,392.091640,459.529213,565.965954,629.662590,117.182930,86.611362,126.327012,207.083698,260.556895,330.326607,413.445771,490.510267,580.307416,625.627930,185.982832,159.599548,213.190807,243.124457,336.158336,355.754369,424.778980,499.060256,597.591026,638.932425,250.791138,245.631983,252.678471,330.200558,357.763610,445.937543,506.779124,540.980545,634.267022,711.991072,287.670343,313.037696,342.808408,388.379781,442.979202,486.773614,534.948496,588.567819,651.188826,711.444921,385.911924,404.051884,409.819064,434.713935,482.190581,540.483943,588.355922,617.707331,721.291184,776.371679,447.982526,441.799018,501.397998,501.343101,546.426388,595.888435,630.516734,669.688608,761.607158,819.541673,545.096559,558.171507,543.721336,574.583872,638.832667,625.989876,731.441485,743.557277,809.183842,871.739505,596.649961,620.863940,632.311467,640.044924,692.355233,724.525929,782.785220,817.980391,852.905657,919.741247,668.611175,697.741822,699.853746,746.046701,765.705412,804.660463,826.417694,866.342356,927.115046,986.909726
2,144.158627,100.751148,0.000000,74.088097,131.752456,205.906464,292.680660,359.356000,466.120073,529.541892,178.373413,115.954475,74.878162,112.380260,162.015143,231.055609,313.051329,389.761276,479.557987,524.904914,221.448405,155.531165,155.065001,167.002314,247.191216,259.962245,326.984105,400.532629,497.534109,539.003345,272.459029,235.529625,218.067000,266.349037,277.442655,359.369858,413.967775,446.969247,536.620298,614.316668,291.586034,290.991469,309.680860,328.239524,372.120269,406.580547,446.564906,497.026717,557.615128,615.246372,385.840075,386.303700,380.281837,388.606491,413.292541,465.951350,505.719216,532.485575,631.703312,684.479814,450.434399,429.498129,468.656176,448.831499,487.440954,527.742219,555.807997,587.691778,674.943146,731.066115,536.224188,536.842349,507.639929,533.495536,583.174284,562.252535,659.449144,668.242623,727.978990,785.258857,593.576500,605.675481,601.182321,601.498610,640.573132,661.780052,715.736006,745.620859,773.685357,838.873067,663.418094,677.615918,671.731217,705.187800,719.930849,748.291697,759.761008,798.260181,852.051446,909.424566
3,218.093322,174.831996,74.088097,0.000000,59.344302,131.826984,220.031265,285.760256,392.768678,455.916013,241.593708,176.060638,105.605149,58.981575,93.284646,159.668234,239.605587,315.703546,405.496950,450.901166,270.407178,191.329211,147.154999,135.069635,190.436573,193.455328,257.025609,329.342460,424.386509,465.979463,310.171890,255.913388,221.620706,237.717332,230.068931,302.326435,349.253312,380.695403,466.094742,543.629762,316.891879,297.709374,306.256943,299.639350,331.279106,355.416548,386.304430,433.058115,491.256202,546.060863,403.520281,391.053532,376.073055,370.201053,373.212570,419.322467,450.646275,474.614491,568.968482,619.340613,467.633817,436.707614,458.785952,422.869020,454.810917,486.098530,507.734854,532.470424,614.787621,668.994185,543.046021,534.261077,494.058445,515.238530,551.745935,524.069479,612.804158,618.547256,672.584345,724.834185,603.501494,606.422253,589.692700,584.061375,611.633551,623.239705,672.964751,697.996921,719.839779,783.280360,670.671924,673.497559,661.519894,684.435875,695.022505,714.342665,716.989427,754.002598,801.480304,856.518670
4,274.228521,231.769085,131.752456,59.344302,0.000000,77.171213,161.027363,227.763450,334.382068,397.918434,300.453391,234.775685,160.804324,78.828424,68.963360,117.871459,188.634773,260.789137,350.320096,396.183087,325.473698,243.469531,181.564013,153.403522,173.912147,160.829587,215.049872,283.551137,373.151425,414.950633,360.399002,299.191440,257.046647,248.609604,222.584910,279.677935,314.662670,343.199815,420.569838,497.435853,361.124667,331.934737,333.581567,307.491104,326.313591,338.525826,357.438889,398.391944,452.525165,502.507463,442.006135,421.696391,400.900321,384.404223,367.823355,406.106448,427.342194,447.584080,534.820070,581.603300,504.959023,468.163025,477.814458,429.505915,454.858970,476.947501,491.596791,508.015872,583.678217,635.138219,572.877218,557.623274,509.665148,526.796687,551.472803,517.807139,597.077112,599.532146,646.830786,692.799488,634.842839,631.421778,605.744647,595.441271,612.939731,615.545959,660.702651,680.597288,695.572236,756.720782,699.698176,694.394775,677.894377,692.143556,699.120676,710.236994,704.413729,739.706097,780.380220,832.652493
5,349.711058,306.625875,205.906464,131.826984,77.171213,0.000000,95.091622,155.414772,262.734988,325.040612,365.083358,299.634150,220.313358,120.882558,69.704003,57.218194,111.914003,184.169204,273.899140,319.537337,379.499718,294.254132,212.784393,169.973466,141.139195,106.850726,144.917097,208.993328,296.048356,337.858650,404.585476,334.110479,283.066504,243.173495,195.634871,229.019041,249.365145,274.618755,345.473010,421.819835,395.453370,352.521490,344.557348,293.983024,295.379604,292.377963,297.154110,331.683586,381.867750,428.290078,465.529339,434.252617,405.955084,375.745159,334.673040,362.299911,371.656026,387.678022,467.406506,511.071464,525.501891,480.754558,472.911331,409.565781,425.932741,436.379302,442.730116,449.996562,518.625902,567.460355,581.235362,557.084421,499.501956,510.979048,520.278051,479.931796,547.337394,546.237495,586.365994,626.412371,644.568806,632.092960,594.550051,578.259140,582.805551,574.646721,614.169027,628.339330,636.254872,694.933605,705.330511,688.642153,666.217086,669.060043,671.449256,672.573322,657.172873,690.341440,723.730210,773.085419
6,433.826617,392.091640,292.680660,220.031265,161.027363,95.091622,0.000000,70.225751,174.109478,238.330616,458.467593,392.788772,314.545949,215.936737,163.617722,119.166418,88.645579,117.551098,200.696132,246.990208,474.587023,389.333523,305.818029,260.340888,206.150089,155.839827,147.127094,180.126746,237.839886,278.465308,498.810260,426.615596,373.450193,319.260719,258.600085,259.560771,248.559220,262.426553,303.638777,374.501181,487.337281,439.657914,427.050173,361.579462,346.358511,324.212323,303.871372,320.906648,356.954534,388.153901,552.686038,516.056239,483.632256,444.217318,380.980836,393.457565,383.056679,390.054387,449.248046,482.731441,610.683182,561.963308,542.103146,467.019797,473.448361,469.091792,462.966093,453.803799,505.172607,546.267170,658.656585,628.374307,563.810936,569.920836,562.625465,514.925938,563.232694,556.143427,581.737966,607.553905,722.343405,703.450463,656.399220,634.684732,625.137904,603.284421,633.776134,638.389235,633.073966,685.727805,779.766982,754.190981,726.710019,718.045155,715.256234,703.931334,674.943970,704.220764,724.435624,767.513922
7,501.812600,459.529213,359.356000,285.760256,227.763450,155.414772,70.225751,0.000000,107.320740,170.186305,520.114594,454.833084,374.886217,274.014072,218.188947,158.898887,86.424355,56.892477,131.351500,177.417828,530.410651,444.627113,354.835601,306.184080,232.693542,178.913674,139.576395,140.714879,173.813603,212.933480,548.858165,472.953417,416.785804,347.737919,279.039706,255.265795,222.168403,226.656704,246.411811,312.868047,531.884891,477.346844,459.245830,380.743165,352.200657,316.364880,278.783780,282.634876,308.111752,329.880223,589.072017,546.056356,509.532614,461.802952,381.652235,381.945578,357.500161,357.944564,402.233710,429.266733,643.858728,590.702153,558.494122,474.248037,472.241379,456.403595,441.211336,420.796623,459.992225,495.949924,682.094289,645.675075,575.264293,576.439166,555.404138,502.897787,536.278933,525.173646,540.864031,557.875823,745.637295,720.054590,664.349757,638.061903,616.913645,584.863108,608.370676,606.321710,592.470576,640.911319,798.971658,764.621374,732.676644,714.098081,707.096867,686.223193,647.731461,673.996047,685.356073,724.213190
8,607.885587,565.965954,466.120073,392.768678,334.382068,262.734988,174.109478,107.320740,0.000000,64.705450,627.259288,562.058598,481.914059,380.803270,324.485769,261.860064,179.225900,100.998464,74.123786,104.018975,635.814761,550.031537,457.916390,408.212868,325.357770,272.643634,215.697348,177.162160,136.486537,160.891257,651.365636,573.676686,516.118939,437.723379,365.011599,319.276802,261.742049,250.540113,219.625809,265.679158,631.088798,572.168647,550.027365,461.896402,421.184217,371.635737,313.641623,295.002361,296.192602,291.967935,681.832631,633.849910,594.143554,539.381354,443.624667,428.790039,385.442853,375.099731,387.959388,398.752855,733.481485,676.865832,633.005180,540.591425,528.736428,498.463511,470.699228,432.829347,446.963524,470.365718,762.247034,719.892280,644.165534,639.693304,601.921985,544.307859,554.121496,536.620972,533.710281,531.896427,825.069052,792.668384,727.838479,696.465051,660.704222,614.769714,626.807975,613.614125,584.429660,623.368804,873.672805,829.783546,792.882782,761.955480,749.356889,715.066707,662.330270,682.993587,678.217397,708.190680
9,671.808839,629.662590,529.541892,455.916013,397.918434,325.040612,238.330616,170.186305,64.705450,0.000000,688.309527,623.430421,542.798656,441.406386,384.574469,319.548745,234.044628,151.629950,81.775137,78.039847,693.989718,608.368793,514.205029,463.884075,375.655241,324.649048,261.359868,208.447674,132.363698,139.543140,706.463139,627.436447,569.013075,484.698855,410.607174,353.830229,286.180504,267.235871,208.344939,236.331599,683.363580,621.333245,596.467432,502.981368,455.652311,399.495060,332.354681,301.819234,288.125791,267.309413,728.903270,677.634388,636.047811,577.239658,473.486111,450.122873,397.063733,380.744518,374.020089,374.320092,778.017986,719.252705,667.953469,571.427371,553.741385,515.349088,480.707946,433.428910,431.940788,447.063689,800.013583,753.959479,675.416691,667.421166,619.766951,559.943284,555.387344,534.362476,520.278264,507.116199,862.015053,825.204744,754.906650,720.586789,676.136837,622.338812,627.266472,607.541203,569.575435,602.246932,907.168268,857.210914,817.361905,778.890954,762.929841,720.748865,659.992796,677.022786,662.621368,686.975745
10,119.181977,117.182930,178.373413,241.593708,300.453391,365.083358,458.467593,520.114594,627.259288,688.309527,0.000000,65.748379,145.520930,246.959531,304.022957,371.733092,458.765648,540.674627,628.894734,671.871675,76.542685,103.652358,198.956755,245.490733,348.172050,382.802828,455.079810,529.893956,635.243705,674.851815,144.292202,168.129357,200.624581,302.357412,351.919109,445.747699,518.284323,554.663684,657.999963,734.482920,191.459793,238.237097,276.531687,350.079779,415.981414,472.588617,534.832452,594.238551,660.811166,728.244349,286.705701,318.234379,334.785302,375.930207,450.184185,514.561361,574.814727,608.373704,719.167540,779.078026,344.998096,349.670742,425.214168,446.709586,498.044319,558.330970,601.962406,652.761698,752.157586,813.185825,447.454247,469.858693,469.377270,504.417365,583.393446,581.343982,696.225301,713.370685,788.070937,860.221056,494.255121,526.383164,550.888263,565.575140,631.026972,676.194389,739.291166,781.777938,827.527836,896.452402,566.607978,605.824274,614.490421,671.865788,696.311671,746.744699,781.650966,823.020093,893.682021,956.834599
11,112.748812,86.611362,115.954475,176.060638,234.775685,299.634150,392.788772,454.833084,562.058598,623.430421,65.748379,0.000000,81.391004,182.528084,239.738588,308.281629,395.141906,476.591936,565.251895,608.702130,109.187418,74.337800,148.639943,190.122097,291.512870,322.360119,394.388835,469.460343,573.641919,613.729941,168.800426,159.300303,171.953102,261.354466,301.654356,394.275406,463.228869,499.103350,599.872328,676.921585,201.766947,227.557881,259.346872,315.369454,375.935170,427.004639,483.937984,541.540468,607.019403,672.352032,299.997166,317.626271,324.863799,354.170172,412.975938,474.699911,529.565034,561.494883,669.815424,728.081555,362.660794,355.190167,416.556242,422.640373,470.345345,524.716469,563.844338,609.343487,705.842744,765.767068,458.687511,471.738816,459.387350,491.342767,560.429166,551.808365,661.875377,676.474496,746.988933,815.050164,510.871131,534.259029,546.788275,555.909773,612.057583,649.137810,709.594823,748.184201,788.561709,856.637294,582.672938,611.171998,613.832207,662.163198,683.096728,725.789513,752.780284,793.417048,858.878257,920.435692
12,167.290916,126.327012,74.878162,105.605149,160.804324,220.313358,314.545949,374.886217,481.914059,542.798656,145.520930,81.391004,0.000000,101.446486,158.570073,226.893239,313.779223,395.366521,483.905542,527.311550,164.996623,86.872060,88.764220,117.424292,214.726919,242.097965,313.823775,388.937564,492.538850,532.789283,206.178384,161.505912,144.103243,205.471872,232.011504,321.806362,386.739843,422.028542,520.598130,597.935549,219.261530,216.196769,236.246219,265.334366,317.108540,360.657029,411.312632,466.856528,531.121841,594.588297,311.915886,311.487399,306.586728,319.294423,356.789813,414.279708,462.495652,492.462944,597.777491,654.331043,376.561348,354.622045,395.873272,382.480215,424.554551,470.899236,504.355074,543.636996,636.635656,695.260581,461.360879,462.480814,435.743268,463.073250,518.768521,502.427277,605.745612,617.390224,682.969330,746.584151,518.894191,530.932220,528.399407,530.502864,574.451338,601.502269,658.358667,692.275903,726.581113,793.474715,588.599304,603.297562,598.501130,635.082449,651.516440,684.553342,702.156783,741.689272,801.040781,860.630641
13,251.054655,207.083698,112.380260,58.981575,78.828424,120.882558,215.936737,274.014072,380.803270,441.406386,246.959531,182.528084,101.446486,0.000000,57.219478,126.506047,212.905116,294.070824,382.882509,426.674046,258.681113,173.692441,102.784943,78.639330,135.808039,148.728392,218.018219,292.705449,393.833787,434.631767,286.712935,221.647314,178.218871,179.937761,171.897309,248.295490,301.674983,334.976186,427.271520,504.982476,283.664909,253.200630,256.294504,241.455295,272.430410,298.750304,334.596721,384.649856,445.544671,504.471634,363.208653,343.666378,324.702015,313.884944,314.348268,361.467389,395.811896,421.359760,519.393808,572.147047,426.132135,390.006181,404.562810,364.710011,395.907827,427.471502,450.351920,477.803688,563.155150,618.868882,495.221307,482.317871,438.488911,458.362865,492.861317,465.169682,555.156061,561.742322,618.112834,673.438832,556.844002,555.489923,534.414425,527.212320,552.893880,564.394735,614.605204,640.649702,664.668093,728.967016,622.368513,620.413672,606.436054,626.739301,636.663875,655.361202,658.650362,695.932852,745.075686,801.013740
14,304.553828,260.556895,162.015143,93.284646,68.963360,69.704003,163.617722,218.188947,324.485769,384.574469,304.022957,239.738588,158.570073,57.219478,0.000000,70.054493,155.811341,236.854334,325.694068,369.607962,312.498513,226.815113,143.083975,101.627199,105.224280,100.221334,164.986801,238.653444,337.800328,378.869576,335.237746,264.428878,214.053417,185.513850,153.783405,213.395813,256.109829,287.412737,374.607114,452.301530,325.845425,284.919379,279.910104,241.989034,257.499705,270.580858,294.661920,339.984742,397.989235,453.604487,397.594216,369.444394,344.079298,321.056007,298.931512,337.574574,361.764775,383.892638,476.075400,526.066015,458.432793,416.087499,416.380657,362.754035,386.460053,408.054357,423.733313,443.091087,522.684917,576.211029,518.476116,498.421758,446.198713,461.444890,482.911645,448.844134,529.219814,532.577739,582.689925,632.525861,581.372009,572.972306,542.113418,529.813643,544.556662,546.618670,592.225915,613.227392,630.745958,693.076446,643.972628,633.074889,614.208441,625.103650,631.175541,641.296101,636.006028,671.626894,714.281019,767.726160
15,374.284226,330.326607,231.055609,159.668234,117.871459,57.218194,119.166418,158.898887,261.860064,319.548745,371.733092,308.281629,226.893239,126.506047,70.054493,0.000000,87.054011,169.451459,257.161786,300.425183,374.473142,288.821301,196.268954,147.287467,89.704459,49.647135,97.944063,169.718841,267.745846,308.835100,390.148834,314.103460,258.426664,200.382860,144.055060,171.857742,197.226620,225.329159,306.433611,383.962721,373.376701,321.791714,307.959821,245.593204,240.551970,235.170684,242.355184,280.737960,334.828151,386.828166,434.557892,396.893181,364.779740,328.181280,279.028459,305.130939,315.531431,332.914334,417.116683,463.821412,491.857650,442.802785,426.003537,357.186465,370.844535,379.353796,385.644479,394.645563,466.643554,517.422279,539.998928,511.552305,450.143982,459.415868,464.432952,423.121961,490.384813,489.794405,532.046503,575.394023,603.650725,586.691777,544.290689,525.945213,527.052913,517.520653,557.005367,571.764822,581.520741,641.261907,661.978899,640.166597,615.514381,614.765287,616.063456,615.642992,600.055407,633.406891,668.179382,718.517327
16,457.145979,413.445771,313.051329,239.605587,188.634773,111.914003,88.645579,86.424355,179.225900,234.044628,458.765648,395.141906,313.779223,212.905116,155.811341,87.054011,0.000000,82.821779,170.143457,213.796810,460.375448,374.960589,280.161387,229.903105,147.774179,94.208864,59.396936,100.280727,184.915047,226.624637,472.784669,394.559210,336.893101,262.258102,192.690876,174.868076,160.339820,176.767764,234.676006,310.370379,451.875752,394.094461,374.211329,294.335351,268.057771,238.517373,215.299186,235.453915,277.503766,318.324583,504.929120,460.331014,423.289832,375.545709,299.603986,306.822990,294.429560,302.168387,367.298625,405.802849,558.663292,504.714817,472.450834,390.062047,391.362606,382.320295,374.477554,365.915812,421.679632,466.028780,595.671519,559.582433,490.124356,492.679543,477.951806,428.447502,474.593121,467.776164,495.831204,526.489779,659.212963,634.093746,580.259903,555.528219,540.171628,515.379315,545.149509,550.091523,546.929096,601.337979,712.745947,679.928518,649.306948,635.042754,630.433447,616.249689,586.299588,615.696390,637.594554,682.213361
17,533.769776,490.510267,389.761276,315.703546,260.789137,184.169204,117.551098,56.892477,100.998464,151.629950,540.674627,476.591936,395.366521,294.070824,236.854334,169.451459,82.821779,0.000000,89.797583,135.401314,543.196245,457.775509,362.759276,312.336963,225.267149,173.376101,114.825195,90.524134,120.297355,161.005722,554.833663,475.933350,417.696013,336.854063,264.013510,222.430540,175.928434,175.089798,189.811015,257.866830,532.304142,471.890471,449.137057,361.348998,323.387876,278.950104,231.676957,229.112230,251.534701,273.625667,581.077132,532.860507,493.328389,439.621451,348.515545,340.857083,308.870560,306.239995,345.778075,372.400935,632.487818,575.961599,534.174708,444.192964,436.444329,413.670743,393.673794,368.290429,403.766983,439.096270,662.220776,621.274553,547.116401,544.783743,515.031273,460.116906,485.712830,472.995253,485.446098,501.042072,725.239295,694.622796,633.022482,603.803863,575.539888,538.091507,558.198571,553.483269,537.043978,584.583957,775.081200,734.452052,699.593427,674.760984,665.306663,639.383268,596.668623,621.680248,630.197999,668.094668
18,623.553032,580.307416,479.557987,405.496950,350.320096,273.899140,200.696132,131.351500,74.123786,81.775137,628.894734,565.251895,483.905542,382.882509,325.694068,257.161786,170.143457,89.797583,0.000000,46.377064,628.465365,543.561578,446.723381,395.955452,302.553594,254.084010,186.357276,127.532067,62.376338,89.925894,636.352238,556.045157,496.952945,408.081260,333.549925,272.690771,204.491260,186.834734,145.503611,195.118455,610.207251,545.704133,519.070163,423.255066,374.278755,317.729532,251.718161,225.676739,222.409564,219.416236,651.568734,598.646134,556.342433,496.368950,391.714188,369.171382,319.048183,305.602795,313.850476,325.598606,699.225784,639.608640,586.466175,489.661531,472.288175,435.665961,403.634192,361.517219,372.846183,396.832925,718.928673,672.339208,593.649707,585.745153,539.928235,480.742546,483.286170,464.605940,459.688125,458.526690,780.743006,743.464808,673.309794,639.361044,597.148626,546.704196,555.785978,540.715422,510.348079,549.420494,825.471091,775.604285,736.119531,699.479018,684.719222,646.232489,590.446240,610.178088,604.124869,634.216486
19,668.994439,625.627930,524.904914,450.901166,396.183087,319.537337,246.990208,177.417828,104.018975,78.039847,671.871675,608.702130,527.311550,426.674046,369.607962,300.425183,213.796810,135.401314,46.377064,0.000000,669.092838,584.692272,486.865351,436.070487,339.919713,293.668696,223.577934,157.047176,59.299431,61.933509,674.451685,593.473955,534.078542,441.353143,366.765034,298.199473,223.316769,199.149126,130.361250,163.355079,646.149745,579.520559,550.884481,451.624821,397.832066,336.608716,263.928209,227.471441,210.170079,192.089623,683.092339,627.787199,584.222561,521.402241,411.196484,381.709109,323.773746,305.195028,296.291946,299.440951,728.471562,667.390113,608.487188,508.979476,486.913027,443.785950,406.178349,356.289983,354.457813,371.903117,742.590115,693.196236,612.608522,601.865751,548.182724,487.504032,478.132659,456.610129,442.650852,432.677744,803.505799,762.789093,688.475300,652.275827,603.166123,546.500853,549.789562,529.508579,492.217098,526.529926,845.297308,790.690863,748.956926,706.356252,688.936856,644.225352,582.149230,598.986412,585.477624,611.373376
20,194.733344,185.982832,221.448405,270.407178,325.473698,379.499718,474.587023,530.410651,635.814761,693.989718,76.542685,109.187418,164.996623,258.681113,312.498513,374.473142,460.375448,543.196245,628.465365,669.092838,0.000000,85.798606,182.400217,233.113992,333.034216,375.520074,446.818593,519.675448,627.253294,665.024008,67.750658,107.773878,155.720507,264.209461,324.942086,418.140282,495.848736,532.700953,640.433670,714.969723,117.061222,173.735691,215.293971,302.547906,372.781357,435.407624,504.666538,566.373688,634.224953,705.180753,210.509005,245.766936,266.853650,315.469512,402.944936,469.319024,535.632943,571.090555,684.556498,746.667413,268.458138,274.762618,355.368533,386.877578,440.587304,505.714329,553.655618,610.329334,712.828077,775.038094,371.164734,395.417558,399.848276,436.320916,521.244536,524.625318,643.155035,662.811570,741.758815,818.681464,417.726870,450.436937,478.192737,495.277473,565.743056,616.630805,681.605903,727.455656,778.558795,848.117452,490.078337,530.217191,540.392816,601.155224,627.289890,682.237391,723.040936,764.853521,840.034036,904.559075
21,186.860684,159.599548,155.531165,191.329211,243.469531,294.254132,389.333523,444.627113,550.031537,608.368793,103.652358,74.337800,86.872060,173.692441,226.815113,288.821301,374.960589,457.775509,543.561578,584.692272,85.798606,0.000000,99.967416,149.776447,251.606826,291.589157,363.410726,437.082171,544.150604,582.565543,119.307925,86.726325,100.027566,198.719991,250.078553,344.064527,418.728047,455.400678,561.068888,636.672388,136.962365,153.489440,185.150402,247.808669,312.546482,369.054111,432.617590,492.800924,559.905377,628.798396,233.479191,244.957676,250.601699,281.020501,347.378454,411.246416,471.205239,504.924746,616.174115,676.585226,297.571963,284.199460,342.282096,350.310219,399.447506,456.899134,499.089544,549.124267,648.591002,709.737547,389.235207,398.986800,385.053591,417.087189,487.982858,481.856837,594.644198,610.918867,684.689687,756.574806,443.684310,463.110535,472.792409,481.572221,538.668411,578.217653,639.884584,680.563359,724.573403,793.332329,514.810448,538.998168,540.265989,587.827751,608.928430,652.941449,682.722168,723.724313,792.049449,854.661463
22,251.858737,213.190807,155.065001,147.154999,181.564013,212.784393,305.818029,354.835601,457.916390,514.205029,198.956755,148.639943,88.764220,102.784943,143.083975,196.268954,280.161387,362.759276,446.723381,486.865351,182.400217,99.967416,0.000000,50.801671,151.651071,193.206827,264.425873,337.558422,444.952120,483.011412,194.046445,121.385457,75.649508,117.068185,153.604350,247.068225,319.615320,356.147394,461.177656,536.959982,183.025023,151.330942,159.755809,176.573411,230.108356,278.448876,336.458939,395.355473,461.854741,529.694511,260.442352,243.930793,230.151487,233.545237,269.009780,328.223885,380.985773,412.875856,521.755924,580.795378,323.543350,289.727946,315.773430,294.651396,335.850816,382.751340,418.018602,461.030196,557.212080,617.254114,395.923062,388.291159,353.546620,378.550391,430.362786,413.732629,518.313324,531.007493,599.241100,666.420580,456.618664,459.761553,447.962447,446.717222,486.636416,512.755481,569.928231,604.847483,641.660144,709.265249,523.527572,528.270073,519.137213,550.146116,565.037992,596.055602,613.667480,653.369882,714.306735,774.715304
23,284.678467,243.124457,167.002314,135.069635,153.403522,169.973466,260.340888,306.184080,408.212868,463.884075,245.490733,190.122097,117.424292,78.639330,101.627199,147.287467,229.903105,312.336963,395.955452,436.070487,233.113992,149.776447,50.801671,0.000000,102.728480,142.424124,213.816809,287.305861,394.470095,432.789220,243.159678,167.017839,113.282275,102.999656,114.661326,204.924066,273.376469,309.506720,412.689059,489.012022,227.103348,183.317660,180.593386,165.267516,205.137420,243.741240,294.592859,351.473886,416.923942,483.016862,295.976608,269.468867,247.500055,235.441924,246.301888,299.911482,345.241790,375.039472,480.931407,538.336184,356.906726,316.092310,326.011504,288.256249,322.660000,360.740355,389.993417,426.581959,519.231949,578.029244,419.943131,404.495133,359.882146,380.247793,419.212585,395.665846,492.953962,502.813685,566.219746,629.160861,482.284489,478.093266,455.785100,449.086600,478.183891,495.213441,548.733698,579.284925,610.463720,676.886566,546.479238,542.073559,527.799041,549.411063,560.542002,583.317315,592.759250,631.299510,686.679431,745.234732
24,379.302259,336.158336,247.191216,190.436573,173.912147,141.139195,206.150089,232.693542,325.357770,375.655241,348.172050,291.512870,214.726919,135.808039,105.224280,89.704459,147.774179,225.267149,302.553594,339.919713,333.034216,251.606826,151.651071,102.728480,0.000000,53.786898,116.445966,186.960470,294.886954,332.070962,334.542326,253.654293,194.423611,115.186524,54.653777,112.489489,172.053053,207.638227,309.970839,386.310895,307.918554,246.814361,226.594870,156.029152,155.417075,165.874547,199.539440,252.551750,316.394929,380.851412,357.175306,313.566196,278.543925,238.688022,195.914708,232.354923,260.349353,285.565856,385.406483,440.305617,411.178924,358.599423,336.573007,268.527803,285.836704,303.140757,318.931700,342.274232,427.756435,484.271224,452.982183,422.457511,360.453950,370.302883,381.229642,344.581849,424.370421,428.671237,482.523306,538.074382,516.686281,497.578039,454.747546,437.285015,443.458301,441.818245,487.008770,508.799302,529.473956,593.332499,573.616898,550.463823,526.102953,528.120128,531.421410,537.335263,530.803792,566.579618,611.219341,666.094287
25,399.685599,355.754369,259.962245,193.455328,160.829587,106.850726,155.839827,178.913674,272.643634,324.649048,382.802828,322.360119,242.097965,148.728392,100.221334,49.647135,94.208864,173.376101,254.084010,293.668696,375.520074,291.589157,193.206827,142.424124,53.786898,0.000000,72.289557,147.166112,252.895395,292.095273,382.502804,302.858127,244.373143,168.870526,103.067803,122.460254,155.916577,187.409720,279.134930,356.748172,358.930515,299.919356,280.378061,206.170372,193.485551,185.527615,196.610010,239.828178,298.072091,355.743783,410.763650,367.242678,331.616007,288.669358,230.894822,255.488113,267.650668,286.803988,376.042040,425.899888,464.965814,412.125251,386.485627,312.331890,323.128444,329.792751,336.317637,347.645058,423.463396,476.253894,505.499520,473.001740,408.039881,415.071138,415.885887,373.724151,441.239995,441.327985,486.077107,533.014613,569.185290,548.001845,501.024307,480.721484,478.558456,467.893033,507.528187,523.101256,535.024439,595.894102,625.019579,598.411290,571.689040,567.561449,567.861443,566.134811,550.653589,584.265423,620.695030,672.103932
26,468.796527,424.778980,326.984105,257.025609,215.049872,144.917097,147.127094,139.576395,215.697348,261.359868,455.079810,394.388835,313.823775,218.018219,164.986801,97.944063,59.396936,114.825195,186.357276,223.577934,446.818593,363.410726,264.425873,213.816809,116.445966,72.289557,0.000000,75.114259,180.769745,219.806239,450.899328,370.099944,310.834284,223.410637,149.710558,116.351110,106.486143,129.708080,209.653504,287.369926,423.850732,360.083886,335.415558,246.647586,212.824274,179.346384,158.962662,187.112891,237.659529,289.056313,467.725216,418.248288,378.503637,325.654650,242.250758,247.434438,237.340002,247.881392,322.517798,366.853859,518.100724,461.170278,421.159655,334.796209,333.370125,322.923435,315.990238,311.351486,374.291345,422.543764,547.844994,508.379312,436.318424,436.876483,418.892187,369.059663,417.132876,411.681181,444.536524,481.610181,611.015161,582.286405,524.826568,498.617438,481.013548,456.236351,487.142643,494.115664,495.112118,551.915040,662.059934,625.285149,593.106743,576.435609,571.287356,557.010007,528.679494,558.907540,584.476323,631.350411
27,543.077921,499.060256,400.532629,329.342460,283.551137,208.993328,180.126746,140.714879,177.162160,208.447674,529.893956,469.460343,388.937564,292.705449,238.653444,169.718841,100.280727,90.524134,127.532067,157.047176,519.675448,437.082171,337.558422,287.305861,186.960470,147.166112,75.114259,0.000000,108.022535,145.483373,520.485921,438.902341,379.348502,284.397805,209.872411,145.386267,86.129776,85.945979,137.091960,214.365941,490.133036,422.604743,393.894970,296.041103,247.310269,194.523374,141.263823,142.693386,177.830865,219.299607,526.187658,471.815832,429.065308,368.891370,267.089793,252.719989,218.406145,217.245059,269.216178,305.640045,572.477740,512.335662,459.687615,364.593281,351.586980,324.327708,303.149921,280.108974,325.076161,366.928514,591.579827,545.949746,468.474006,462.800533,426.640953,370.651980,395.988827,384.459877,402.832097,427.879636,653.575486,617.773284,550.871729,519.318497,486.517714,447.576369,468.301578,465.652783,454.346328,505.758001,699.414105,652.925364,615.720630,586.640065,575.990274,548.861083,507.264157,533.281737,546.553404,587.916919
28,641.434174,597.591026,497.534109,424.386509,373.151425,296.048356,237.839886,173.813603,136.486537,132.363698,635.243705,573.641919,492.538850,393.833787,337.800328,267.745846,184.915047,120.297355,62.376338,59.299431,627.253294,544.150604,444.952120,394.470095,294.886954,252.895395,180.769745,108.022535,0.000000,41.821343,628.466560,546.817430,487.255430,390.626526,316.495938,242.627831,165.407949,139.973571,83.199423,139.569303,597.462707,528.752858,498.392033,396.933876,340.775718,278.162685,204.649748,169.578201,160.327207,160.093413,630.049673,573.131469,528.868857,464.686732,352.742737,322.410208,265.345758,248.387773,251.475563,264.874792,673.724055,611.838386,550.492606,450.360778,427.661078,384.836358,348.501495,301.954023,310.477067,335.471882,685.039138,634.805866,553.838332,542.694807,489.271517,428.821297,423.940498,404.106006,397.340298,397.343056,745.604776,704.021500,629.218551,592.981366,544.711574,489.986501,496.148185,479.304525,447.973896,487.407164,786.602214,731.420915,689.668537,647.759175,630.984395,588.571487,529.951244,548.812715,541.748739,572.155128
29,682.811774,638.932425,539.003345,465.979463,414.950633,337.858650,278.465308,212.933480,160.891257,139.543140,674.851815,613.729941,532.789283,434.631767,378.869576,308.835100,226.624637,161.005722,89.925894,61.933509,665.024008,582.565543,483.011412,432.789220,332.070962,292.095273,219.806239,145.483373,41.821343,0.000000,664.148895,582.241676,522.712722,423.573571,350.207924,271.154036,190.479226,159.906673,70.875386,105.267127,631.429228,561.207766,529.284066,425.590325,365.734224,299.758718,221.488835,176.239240,150.194647,131.339054,660.032718,601.240837,556.082024,489.740850,373.727398,337.030214,272.819859,250.600860,234.487430,238.532022,701.498483,638.537690,572.197844,470.196027,443.177912,394.300939,352.613585,298.273342,292.549442,310.711682,707.660885,655.013862,572.648017,558.865855,498.103156,436.561303,419.598133,396.912031,380.794696,371.822766,767.188147,722.528231,644.067557,605.826914,551.056696,490.385806,490.689078,468.614508,430.292178,464.975815,805.325473,745.835665,702.072067,654.555570,635.243815,586.834562,522.092181,538.023707,523.544551,549.841671
30,262.135655,250.791138,272.459029,310.171890,360.399002,404.585476,498.810260,548.858165,651.365636,706.463139,144.292202,168.800426,206.178384,286.712935,335.237746,390.148834,472.784669,554.833663,636.352238,674.451685,67.750658,119.307925,194.046445,243.159678,334.542326,382.502804,450.899328,520.485921,628.466560,664.148895,0.000000,82.097301,141.470557,246.404180,315.501377,404.896025,485.824184,522.464673,632.790654,704.754684,56.574893,128.676893,172.124163,272.265865,344.865053,412.190637,487.056214,550.011445,618.220980,691.759274,143.463396,184.657592,212.038881,269.303886,369.906019,437.109184,508.607672,545.484450,660.352862,724.061036,200.707597,209.614045,296.610550,339.977387,395.590611,465.171811,517.090687,579.142454,683.798085,746.710227,303.805935,330.495766,341.111732,379.054163,470.164309,479.463740,600.857567,622.950549,705.640904,786.795643,349.983211,383.500102,415.214398,435.079593,510.905368,567.704971,634.285561,683.355859,739.582865,809.427591,422.333229,463.656234,475.619503,540.140882,568.080712,627.733447,674.557706,716.647532,796.100317,861.748581
31,269.812022,245.631983,235.529625,255.913388,299.191440,334.110479,426.615596,472.953417,573.676686,627.436447,168.129357,159.300303,161.505912,221.647314,264.428878,314.103460,394.559210,475.933350,556.045157,593.473955,107.773878,86.726325,121.385457,167.017839,253.654293,302.858127,370.099944,438.902341,546.817430,582.241676,82.097301,0.000000,59.563662,165.043994,233.408025,323.211936,403.872013,440.555764,550.749047,622.942431,62.017726,70.382794,108.914425,196.377605,267.893096,333.212979,406.391549,469.128671,537.330199,610.400027,150.414117,158.433686,167.812839,208.995715,296.239965,363.011320,431.585112,467.828538,582.215603,645.329009,215.056987,197.576605,259.183929,280.261534,333.272362,397.945796,446.338568,504.593251,608.078009,670.658652,303.066670,312.546519,302.832456,336.867721,415.977582,417.219382,535.388907,555.112810,634.662911,712.871910,358.688992,376.404015,388.052041,399.369827,462.910451,510.142793,574.526990,619.780627,670.982085,740.597779,429.283340,452.351513,454.598372,505.792929,528.954303,578.741018,616.264497,657.953332,732.321540,796.789308
32,284.407567,252.678471,218.067000,221.620706,257.046647,283.066504,373.450193,416.785804,516.118939,569.013075,200.624581,171.953102,144.103243,178.218871,214.053417,258.426664,336.893101,417.696013,496.952945,534.078542,155.720507,100.027566,75.649508,113.282275,194.423611,244.373143,310.834284,379.348502,487.255430,522.712722,141.470557,59.563662,0.000000,108.782497,174.385132,265.361960,345.317312,382.089096,491.881247,564.609348,115.135301,76.088860,92.341548,149.711882,217.866208,279.694081,350.140452,412.436439,480.542126,552.851288,185.108393,170.270140,162.487914,182.412054,250.168929,315.517093,380.067385,415.384553,528.874479,591.175440,247.934091,215.347981,252.257730,250.735558,299.421309,357.751412,401.854916,455.586123,557.405494,619.473027,322.012068,318.833988,293.021701,322.350019,388.513003,381.900871,495.630433,512.867055,588.868665,663.834374,381.957508,388.459313,384.658281,388.686269,440.330445,478.201370,539.940732,581.293104,627.407329,696.553637,449.711675,459.570212,454.483988,494.197182,513.069061,553.837686,582.722864,623.772222,693.089174,756.224188
33,368.250389,330.200558,266.349037,237.717332,248.609604,243.173495,319.260719,347.737919,437.723379,484.698855,302.357412,261.354466,205.471872,179.937761,185.513850,200.382860,262.258102,336.854063,408.081260,441.353143,264.209461,198.719991,117.068185,102.999656,115.186524,168.870526,223.410637,284.397805,390.626526,423.573571,246.404180,165.043994,108.782497,0.000000,74.628531,158.617199,240.185540,276.583584,387.526466,458.535413,208.403714,138.219126,112.310915,62.369562,114.613548,171.537445,241.580852,304.149583,372.334816,445.406554,244.345774,198.382488,164.400946,135.862513,152.224706,213.448997,272.962080,307.520110,420.431645,482.473901,296.434080,243.493193,230.954562,185.264735,221.095662,265.693953,302.501191,350.405201,450.471094,512.087500,339.648317,314.048345,261.145349,278.820628,317.086827,297.134038,401.595783,415.226857,486.419095,557.997270,403.281994,388.981815,357.202436,347.634886,375.467654,396.415476,452.910903,488.099380,527.307681,595.610951,462.456588,447.588768,429.351066,446.826956,457.544394,481.957896,496.689455,536.313375,598.047620,659.163775
34,399.299567,357.763610,277.442655,230.068931,222.584910,195.634871,258.600085,279.039706,365.011599,410.607174,351.919109,301.654356,232.011504,171.897309,153.783405,144.055060,192.690876,264.013510,333.549925,366.765034,324.942086,250.078553,153.604350,114.661326,54.653777,103.067803,149.710558,209.872411,316.495938,350.207924,315.501377,233.408025,174.385132,74.628531,0.000000,93.985973,171.263075,208.111483,317.500705,390.646576,281.236863,212.756464,185.860406,103.102683,103.729518,129.505427,182.943767,242.729130,310.009860,380.240971,318.313294,268.930001,230.675624,185.646310,145.309535,189.628281,230.592469,260.626232,368.218517,427.263405,368.486358,312.557598,283.510438,213.936918,233.083798,256.385017,278.887824,312.039989,404.944177,464.286300,403.254160,369.940905,306.215160,315.650115,329.251324,295.789801,383.384693,390.939727,451.883611,514.711895,466.877311,444.957615,400.237392,382.667274,391.100818,394.290231,442.899104,469.098534,496.693611,562.653250,522.018205,496.405538,471.514198,474.145180,478.380738,487.825197,486.920956,524.044484,574.674531,632.086079
35,488.440314,445.937543,359.369858,302.326435,279.677935,229.019041,259.560771,255.265795,319.276802,353.830229,445.747699,394.275406,321.806362,248.295490,213.395813,171.857742,174.868076,222.430540,272.690771,298.199473,418.140282,344.064527,247.068225,204.924066,112.489489,122.460254,116.351110,145.386267,242.627831,271.154036,404.896025,323.211936,265.361960,158.617199,93.985973,0.000000,82.439223,118.243594,229.605478,299.919259,366.209608,292.852611,258.810287,154.548175,102.126575,65.003000,89.696400,148.751422,216.201482,287.507876,388.918267,330.597013,286.265555,223.780663,126.642252,135.098603,148.489760,173.137489,276.024502,333.855726,431.133532,369.316050,314.480392,221.790162,217.073505,210.528208,213.858150,230.166747,315.987597,373.632018,446.243437,401.006439,325.005291,322.558407,303.309379,255.838478,318.862385,319.918296,370.264349,426.275218,508.189282,473.431208,410.765754,382.953733,365.703135,347.251201,385.151576,401.282743,417.675781,481.002202,554.669098,512.045276,478.046204,460.202601,455.901889,446.685433,428.211246,461.874227,500.938422,554.536015
