node_id,0,1,2,3,4,5,6,7,8,9,10,11,12,13,14,15,16,17,18,19,20,21,22,23,24,25,26,27,28,29,30,31,32,33,34,35,36,37,38,39,40,41,42,43,44,45,46,47,48,49,50,51,52,53,54,55,56,57,58,59,60,61,62,63,64,65,66,67,68,69,70,71,72,73,74,75,76,77,78,79
0,0.000000,88.019226,178.406557,275.456050,342.639645,431.946774,503.512178,594.892462,708.788629,100.667021,107.540929,210.313039,302.700277,372.019945,475.257512,509.784739,638.080349,719.479488,163.807353,223.224724,253.168987,336.802319,417.274499,508.957298,565.707076,637.911250,748.082726,251.854940,267.652975,316.337430,414.151351,465.284716,541.534524,615.168844,680.495350,786.978572,372.884583,374.455594,396.080981,457.079915,493.435401,583.387190,659.741904,739.052510,805.162521,428.343721,441.850150,515.484953,518.302037,578.808618,652.433752,696.456946,814.120590,878.925307,551.129717,518.371729,588.317413,603.511985,658.402403,737.605785,747.130125,861.884700,893.359309,625.902512,605.146871,649.059067,663.510768,744.432216,793.665168,842.934166,922.831475,962.653570,678.297007,726.277335,757.949363,756.589073,794.421017,862.362654,911.096263,946.607607
1,88.019226,0.000000,93.111961,190.009535,257.089100,345.392448,416.837958,507.379597,621.589604,117.719596,82.490041,143.094196,226.337407,289.392393,392.791375,425.303559,553.958366,633.804825,186.661164,205.445830,207.531718,274.410141,345.608459,433.491369,488.316049,557.272636,665.316071,262.505271,256.611094,284.731676,361.102942,407.438764,475.744345,540.273630,603.740121,709.596798,382.339302,362.642806,367.752063,416.795868,440.120360,525.161233,592.762818,669.366232,733.019122,436.940384,432.748083,490.616228,482.597540,529.506153,598.879804,635.552906,748.734810,808.857070,561.705753,513.422928,568.340090,568.278609,614.601444,688.192197,691.537120,801.787199,828.519757,634.051552,599.973747,633.178852,637.450657,709.617556,751.425458,794.220789,866.567171,901.817743,681.247864,719.171009,740.107689,728.853887,760.420009,820.789383,865.751954,894.777455
2,178.406557,93.111961,0.000000,97.169654,164.362241,253.576816,325.158525,417.291902,530.689339,166.495357,115.439300,78.849472,138.550967,196.476708,299.813857,332.265633,460.884902,541.245850,220.901501,194.872439,162.087371,200.546951,259.791918,343.855347,397.277737,464.670341,572.229342,273.465411,245.376815,246.895172,293.900489,333.795155,393.437909,450.564453,512.787796,618.176864,382.120685,340.926830,327.593399,361.344306,370.309005,449.103584,508.526971,582.733983,644.533633,433.045791,410.227516,449.121916,429.926037,461.934809,526.280260,556.047835,664.994968,721.564785,555.586387,492.296585,529.896097,514.101627,551.111854,618.520974,616.237887,722.014990,744.916454,623.641773,576.281859,597.615210,591.344218,653.694141,687.889033,724.338876,789.681398,821.070585,664.433927,691.208885,700.798377,679.709346,704.721382,757.295796,798.458845,821.547376
3,275.456050,190.009535,97.169654,0.000000,67.198180,157.019012,228.575691,322.059944,434.516998,250.831127,200.564431,106.645629,74.950258,102.563411,204.670483,235.358578,364.065502,444.083414,292.479067,236.717189,174.702231,158.739105,185.555455,257.959318,307.457345,370.494501,476.078261,323.659188,279.064731,251.964551,252.583748,279.080805,321.238380,363.259730,422.482000,526.534163,414.914395,354.756791,321.297212,332.678985,319.983187,386.069455,430.850569,500.213448,558.411117,459.802658,418.881371,434.021127,401.459741,411.528427,466.835807,485.532201,586.701067,637.174138,575.802067,498.866153,515.520041,480.617517,504.170113,561.706312,551.335456,649.426089,666.349327,637.742234,577.398792,584.750500,566.025907,614.759740,638.463391,665.873206,720.820134,746.413476,670.920266,684.993311,681.403151,648.847422,665.246351,707.053237,742.757590,757.593144
4,342.639645,257.089100,164.362241,67.198180,0.000000,90.747838,161.999019,256.743421,368.115748,313.885506,264.639412,161.720474,86.224855,47.187154,140.921543,168.669546,297.386591,376.885671,349.830557,282.833608,211.809852,161.889246,151.430018,205.320612,249.209967,306.848638,410.083731,370.260399,318.877316,277.182384,244.498107,257.502556,281.236570,307.039699,362.659414,464.944226,449.567703,379.892440,334.922621,329.702711,300.119747,352.710076,383.217429,447.333844,501.854493,489.840512,438.625015,437.235678,395.904129,388.320987,434.788692,443.626432,536.966378,581.813400,599.708647,515.290125,517.275695,469.100049,481.681109,530.348113,513.414061,604.142738,615.899089,656.856859,588.745181,586.324905,558.948688,596.767811,612.074310,632.043530,678.161632,698.848704,684.591743,689.848021,677.009121,636.484877,646.228555,679.342675,710.488767,718.677641
5,431.946774,345.392448,253.576816,157.019012,90.747838,0.000000,71.590328,166.150296,277.528517,404.317993,355.316043,250.521694,163.914075,83.543650,84.395466,89.928139,214.713668,289.086881,437.830505,364.911132,290.205533,218.878628,166.057119,172.694435,197.464965,236.192970,329.478301,451.360378,395.848618,343.814949,279.855922,274.197029,266.476703,256.902301,301.381501,397.086674,519.961945,442.986598,388.281675,365.083899,315.669064,344.545958,348.174643,399.700531,445.289596,555.387805,494.998793,475.583576,425.107921,394.051190,425.135813,417.093349,493.704883,526.648717,657.669101,566.598470,551.802835,488.104138,485.050417,518.984787,491.807700,567.984258,570.039565,709.034544,633.164867,619.245009,581.513496,603.813979,606.622265,614.731799,645.552249,657.337876,730.372021,725.195337,700.986948,650.582629,650.935867,670.786417,694.479738,691.873667
6,503.512178,416.837958,325.158525,228.575691,161.999019,71.590328,0.000000,97.104306,206.121522,474.649596,426.102208,319.676193,229.163033,146.501546,85.012830,51.061195,150.400810,218.746393,505.672489,428.684641,352.503930,271.612630,199.958000,168.996918,170.704220,184.981152,265.251895,513.817785,455.855797,397.826324,316.175841,298.173229,267.018705,226.133388,257.018213,343.799180,574.151732,492.900922,432.573700,397.725200,336.341560,345.580314,326.376014,364.834245,401.359469,605.738705,539.436125,507.420375,451.505145,403.906928,421.794388,400.076444,460.482763,482.639468,701.521038,606.428432,579.456008,505.351593,490.355006,511.804440,476.879620,539.497418,533.371390,748.117135,667.115713,644.718381,599.682173,609.656156,602.563978,601.026000,618.937784,623.248563,764.425739,751.338768,718.656824,661.232345,654.254084,663.339206,680.769274,669.463000
7,594.892462,507.379597,417.291902,322.059944,256.743421,166.150296,97.104306,0.000000,115.422430,570.468248,521.382760,416.235489,326.267130,243.602164,168.682968,122.469787,118.071574,146.467064,602.673829,525.533768,449.141159,365.576448,286.912030,232.537410,209.191056,180.045637,215.422818,610.298732,551.656903,491.365887,400.689531,374.492229,324.523923,250.206966,254.987116,316.805855,667.065123,583.759176,520.451401,477.980922,408.667340,399.074634,353.746863,370.632359,389.847748,696.339041,626.542126,585.378628,525.791486,464.171740,467.414133,429.853845,464.591847,467.884401,787.328223,689.754986,653.000410,570.385007,543.561880,550.197691,506.535813,548.431265,529.693013,830.034857,745.294514,715.600837,664.129568,661.112746,642.747653,629.157502,628.819289,621.643037,842.064279,821.928593,781.247865,717.163509,702.202780,698.333045,707.466595,684.472758
8,708.788629,621.589604,530.689339,434.516998,368.115748,277.528517,206.121522,115.422430,0.000000,680.188267,632.022548,524.429653,431.297630,349.270953,259.508989,214.057199,122.994505,64.406505,708.302955,626.353378,549.287961,459.122122,371.732059,296.367433,252.570125,185.696462,149.710924,708.669471,647.731104,581.960890,477.486847,441.165214,371.971402,270.298839,244.143496,265.583883,754.428547,667.547383,599.682122,546.241591,468.619020,436.354257,363.937754,353.811722,350.652996,778.427774,702.790532,647.674435,584.238437,506.321956,491.325977,436.896438,438.972601,419.842973,859.471227,758.712259,707.482621,614.967217,573.653941,561.603954,509.190733,524.471805,491.693376,895.058556,805.264586,765.119784,705.615553,685.466356,653.305665,625.291088,603.126091,582.757725,900.031951,869.450009,818.007146,746.096617,721.064423,700.975372,699.710275,663.264922
9,100.667021,117.719596,166.495357,250.831127,313.885506,404.317993,474.649596,570.468248,680.188267,0.000000,51.211784,156.595748,252.637296,331.938547,431.055317,471.035244,595.764403,682.139359,70.123548,125.258409,169.846698,264.253073,353.428910,448.715130,507.851935,585.821827,700.224773,153.809621,167.299333,221.029212,329.707883,383.854166,466.903128,552.040972,619.775395,726.352303,275.514711,273.825802,298.254415,363.478970,407.648765,500.457160,584.916400,666.820896,735.760929,330.975133,341.226126,416.047282,422.062495,489.106892,565.045232,614.847356,736.186498,806.173989,454.919143,418.184615,487.977999,506.607474,564.928195,646.865009,660.615014,778.463422,814.377755,529.007970,505.051910,548.414782,563.931754,646.892294,698.856357,751.307943,835.974199,879.441794,579.929013,626.058501,657.342942,657.178025,696.508249,767.055434,817.420723,856.542194
10,107.540929,82.490041,115.439300,200.564431,264.639412,355.316043,426.102208,521.382760,632.022548,51.211784,0.000000,111.931585,208.289706,285.232826,386.038968,424.652655,550.701068,635.905960,110.288458,125.772783,145.665228,231.350332,315.879963,409.817249,468.079036,543.942696,657.082627,180.429707,175.740792,212.714893,306.622594,358.077201,436.114360,514.811348,581.542589,688.250820,299.862504,282.765883,294.503911,351.301019,385.894745,476.077069,554.448323,634.793121,702.139488,354.453961,352.489337,416.206490,414.166696,471.527669,544.903620,589.420422,708.017005,774.602911,479.219198,432.481974,492.040530,499.770423,552.151279,630.422633,639.593671,754.626056,787.018974,551.657772,519.253529,555.500197,564.009659,641.105912,687.954735,735.904300,815.295487,855.452383,599.314137,639.069225,663.329180,656.411262,691.486130,756.898846,804.723826,839.243458
11,210.313039,143.094196,78.849472,106.645629,161.720474,250.521694,319.676193,416.235489,524.429653,156.595748,111.931585,0.000000,96.479336,175.520255,274.691897,314.451891,439.432321,525.545046,188.156665,131.976424,84.296153,131.326291,206.962456,299.262402,356.901123,432.058537,545.190679,217.876314,178.043274,169.157657,220.181266,264.623918,333.592439,405.096318,471.020061,577.669808,315.672086,266.216404,248.993494,283.587893,298.431769,382.138975,451.239036,529.394589,594.937524,363.913549,334.520439,370.290527,351.816808,388.954447,456.574322,492.524291,606.711596,669.214028,484.227361,416.421464,451.134450,436.420474,476.346187,546.980399,548.700455,658.741155,686.363087,550.310451,499.446744,518.985484,512.660641,576.593675,613.327561,653.022792,723.569769,758.857870,588.995519,613.346113,621.957686,601.382727,627.618461,682.785540,725.751708,752.503790
12,302.700277,226.337407,138.550967,74.950258,86.224855,163.914075,229.163033,326.267130,431.297630,252.637296,208.289706,96.479336,0.000000,82.677087,178.420216,219.263873,343.130069,429.862571,277.091902,201.006477,127.121808,84.583992,121.332160,207.243773,263.082138,336.212497,448.801323,287.669543,233.868923,191.339257,177.648977,205.642041,255.973632,313.984649,378.148089,484.451270,363.387764,294.356367,253.009500,258.489637,245.869878,315.968687,370.123714,444.292915,506.863539,403.759114,354.657898,361.696651,327.013085,337.735563,395.605372,419.598212,526.612715,583.333471,514.792694,432.731414,442.916851,405.706163,430.003835,489.833739,482.522030,585.044230,606.532729,573.476823,508.674555,512.201588,491.564246,539.929004,564.903271,594.696769,654.257689,683.535290,603.507833,613.659229,607.480652,573.949073,590.471964,633.732248,670.816705,688.645754
13,372.019945,289.392393,196.476708,102.563411,47.187154,83.543650,146.501546,243.602164,349.270953,331.938547,285.232826,175.520255,82.677087,0.000000,103.422529,139.429013,266.483605,350.676364,359.560932,282.713139,207.240067,137.386878,107.022962,158.973133,205.463320,268.412101,376.184213,368.606254,312.426927,260.930863,208.997877,215.568507,234.295909,262.260685,320.136564,423.973507,436.766164,361.163234,309.512944,295.026785,258.288678,306.600536,336.247071,401.447863,457.421083,473.148398,415.468151,404.440744,359.150222,344.663115,388.736624,396.452679,490.391913,536.887440,577.878696,489.296472,483.110214,429.205816,437.866745,484.273293,466.444051,557.051089,569.499964,631.619884,559.261803,551.686936,520.460771,554.032644,566.937076,585.473460,630.978178,651.995858,655.962490,656.415540,639.251327,595.616323,603.057760,633.825901,664.100906,671.575295
14,475.257512,392.791375,299.813857,204.670483,140.921543,84.395466,85.012830,168.682968,259.508989,431.055317,386.038968,274.691897,178.420216,103.422529,0.000000,46.744456,164.740589,252.006059,452.323750,367.414069,290.320179,199.990330,118.301217,90.569865,114.303243,166.045413,272.832806,449.168071,388.343344,324.417890,233.217821,213.170691,187.565679,173.838774,223.480639,324.267570,499.243170,415.185001,351.944815,313.379959,251.456874,266.433390,263.800116,316.673669,365.435208,527.692966,458.301386,422.742223,366.496018,321.422303,345.332126,333.270663,410.034632,446.384261,619.656684,523.301366,494.448349,421.218809,409.816387,437.940173,408.503800,483.665583,486.973470,664.551323,582.568931,559.743595,515.495512,529.145322,526.959623,531.885438,561.157755,573.596875,679.828781,666.357143,634.670644,579.032362,574.904213,589.904132,611.719732,607.654136
15,509.784739,425.303559,332.265633,235.358578,168.669546,89.928139,51.061195,122.469787,214.057199,471.035244,424.652655,314.451891,219.263873,139.429013,46.744456,0.000000,128.729244,211.254028,495.360328,412.299343,335.230828,246.405248,164.539130,119.514500,120.416791,146.509124,241.908800,494.860422,434.455937,371.114331,278.378529,254.709521,217.098097,177.224073,214.052538,307.410195,545.984791,461.774796,397.991830,356.874307,291.088222,295.349587,276.067013,317.900478,358.628853,574.203623,504.085255,465.357933,407.459096,355.036342,370.950542,349.339676,413.214641,440.103480,665.027204,567.923913,535.280682,457.941654,440.381017,460.751891,426.042791,490.958566,487.481864,708.692038,625.347700,599.510168,552.252640,559.585600,551.575470,550.170757,570.028028,576.516388,722.433637,706.122165,670.854723,611.911076,603.811530,612.278138,629.945570,619.726448
16,638.080349,553.958366,460.884902,364.065502,297.386591,214.713668,150.400810,118.071574,122.994505,595.764403,550.701068,439.432321,343.130069,266.483605,164.740589,128.729244,0.000000,91.232290,615.228445,527.220899,450.571534,355.084228,262.946651,178.486145,130.206267,67.702660,115.078967,605.613727,542.891330,472.966883,361.156298,321.252944,249.083581,149.665824,138.976317,201.419838,641.498568,552.993735,483.225679,425.935042,346.799110,313.895597,248.487047,254.729024,271.844757,662.290829,584.365570,525.608882,461.769013,383.563329,371.954784,323.694192,347.554615,350.359999,739.120464,637.742667,584.549173,492.176450,453.017634,447.248686,398.771193,432.002847,411.654852,773.027956,682.650726,642.166172,583.239139,566.774158,539.744941,519.149661,512.300992,503.632258,777.189456,746.639197,696.520650,626.247167,604.341752,591.464694,596.218988,569.044820
17,719.479488,633.804825,541.245850,444.083414,376.885671,289.086881,218.746393,146.467064,64.406505,682.139359,635.905960,525.545046,429.862571,350.676364,252.006059,211.254028,91.232290,0.000000,704.174756,617.405416,540.558965,445.846469,354.094365,268.946751,217.288214,139.360432,85.407708,696.485676,633.923504,564.198667,451.535178,409.869758,332.545124,223.045763,186.912765,201.177474,732.396669,643.623674,573.363058,513.851701,432.999458,390.648854,309.676476,292.565480,286.473726,752.360059,673.429966,610.712857,545.980364,461.464246,439.530965,380.425368,375.704356,355.486460,826.445845,724.473493,666.026255,569.822154,523.135810,505.124715,450.791423,461.106138,427.360685,857.780057,765.835735,720.943988,658.399469,632.080923,596.006144,564.742500,539.415602,518.364823,859.077100,823.814477,768.266888,693.901415,665.763215,641.517639,638.179619,599.901616
18,163.807353,186.661164,220.901501,292.479067,349.830557,437.830505,505.672489,602.673829,708.302955,70.123548,110.288458,188.156665,277.091902,359.560932,452.323750,495.360328,615.228445,704.174756,0.000000,98.072755,167.558044,266.762657,360.475767,456.178088,516.151898,597.716554,714.103692,88.895035,121.296899,190.934672,313.853202,370.285310,459.429636,554.728596,623.687791,729.135687,209.126343,220.316721,257.954105,331.449688,387.497003,482.341250,575.207337,658.913267,730.083632,264.559428,283.834366,368.283480,383.317922,461.511065,539.915449,596.836711,721.374032,796.481253,387.444494,357.258242,435.305084,465.289842,530.063065,615.886318,635.736801,756.753717,797.780760,462.116230,443.554069,492.431399,514.496276,603.033624,660.524878,718.206807,809.416778,857.390403,514.665674,564.855791,601.689210,607.924781,651.479297,727.419500,780.560201,825.312888
19,223.224724,205.445830,194.872439,236.717189,282.833608,364.911132,428.684641,525.533768,626.353378,125.258409,125.772783,131.976424,201.006477,282.713139,367.414069,412.299343,527.220899,617.405416,98.072755,0.000000,77.097630,173.513433,267.674433,362.519634,422.456471,505.297189,622.194345,87.524584,51.978173,96.764123,215.874803,272.235457,361.531091,458.697777,527.840148,632.729299,187.249807,157.278249,173.138247,239.448311,290.395531,384.980690,477.136214,560.872971,632.156711,238.748799,227.309980,292.466550,296.837791,367.337887,444.788097,499.598305,623.678358,698.415490,362.358878,308.090535,366.860919,381.359909,440.484504,523.814681,540.645789,660.642387,700.413886,432.404290,394.546274,429.803798,440.518879,521.777089,573.827481,627.573164,715.218229,761.463142,477.118933,513.804098,537.832608,533.467360,571.531231,641.898804,692.701301,733.578735
20,253.168987,207.531718,162.087371,174.702231,211.809852,290.205533,352.503930,449.141159,549.287961,169.846698,145.665228,84.296153,127.121808,207.240067,290.320179,335.230828,450.571534,540.558965,167.558044,77.097630,0.000000,99.224848,192.985102,288.625008,348.604122,430.464261,547.086143,161.405829,107.068939,84.912232,161.334186,214.303367,297.526303,387.857568,456.617034,562.447760,240.477345,183.154845,165.882668,209.291848,240.391428,331.614776,415.287080,497.627262,567.309012,285.251886,250.645124,288.258832,275.304647,326.051846,399.274876,445.644564,566.377423,636.705350,402.962925,332.400356,368.452392,360.894740,408.275642,485.029462,494.115351,610.093250,644.701212,467.511496,415.162880,435.786802,432.780384,502.154353,544.761947,590.680367,669.808680,711.028047,505.063261,529.224909,539.844480,523.015929,553.001554,614.002470,660.387980,693.638920
21,336.802319,274.410141,200.546951,158.739105,161.889246,218.878628,271.612630,365.576448,459.122122,264.253073,231.350332,131.326291,84.583992,137.386878,199.990330,246.405248,355.084228,445.846469,266.762657,173.513433,99.224848,0.000000,94.180667,189.493600,249.484482,331.841212,448.693424,250.675957,188.720658,126.229412,95.523687,133.768814,204.833365,289.090274,357.649171,463.717325,302.660909,224.122218,173.376470,173.997385,169.829284,250.851871,323.143183,403.594736,471.716041,336.535176,278.442080,277.572075,242.720930,261.678601,326.223165,361.437909,477.350715,543.338629,440.638051,353.743722,358.596152,322.571360,351.995122,417.992817,417.589780,527.588384,556.698184,495.672833,426.960196,427.876019,407.286812,458.713981,488.314513,523.857722,592.285446,627.862987,522.703859,529.902335,522.926027,490.639347,509.527546,557.604535,597.952078,621.963656
22,417.274499,345.608459,259.791918,185.555455,151.430018,166.057119,199.958000,286.912030,371.732059,353.428910,315.879963,206.962456,121.332160,107.022962,118.301217,164.539130,262.946651,354.094365,360.475767,267.674433,192.985102,94.180667,0.000000,95.885909,155.757218,237.663216,354.520290,343.145306,280.063798,210.654964,116.405943,109.850498,135.845211,198.980039,266.349924,372.963476,382.977849,297.525436,233.652625,199.918393,152.339663,202.310735,248.791649,323.772534,388.111199,409.760590,340.122324,310.406864,259.066841,237.640283,284.102150,300.124084,405.280994,463.266211,501.799825,406.525458,385.826763,324.452430,330.856141,379.594546,366.082644,464.721494,485.200708,548.388242,469.110313,453.188011,416.958263,447.129338,460.645390,482.340773,535.355534,562.671688,566.467233,559.169140,536.270265,489.689841,496.055817,528.001141,560.211417,572.265765
23,508.957298,433.491369,343.855347,257.959318,205.320612,172.694435,168.996918,232.537410,296.367433,448.715130,409.817249,299.262402,207.243773,158.973133,90.569865,119.514500,178.486145,268.946751,456.178088,362.519634,288.625008,189.493600,95.885909,0.000000,59.991183,143.487404,260.512683,435.253271,371.433181,298.282959,182.678270,145.252176,98.097882,106.797334,171.779580,278.469159,463.591075,374.677018,304.751250,250.342410,176.535046,176.874813,179.174421,242.624045,301.002887,483.818198,406.597534,354.707604,293.736046,235.546828,254.893811,244.982742,331.669166,379.251585,563.310340,463.112011,420.572026,339.285941,321.380066,347.381989,319.169303,400.527176,410.593676,601.184320,514.148651,483.124717,433.479954,440.705495,436.473827,442.052404,476.308384,493.905158,610.484639,589.531097,551.747503,492.443347,485.655690,499.343965,521.821585,520.484424
24,565.707076,488.316049,397.277737,307.457345,249.209967,197.464965,170.704220,209.191056,252.570125,507.851935,468.079036,356.901123,263.082138,205.463320,114.303243,120.416791,130.206267,217.288214,516.151898,422.456471,348.604122,249.484482,155.757218,59.991183,0.000000,84.859965,201.407766,494.496315,430.536229,356.507012,236.756652,192.675813,119.984617,59.548717,115.510152,221.400113,518.659850,428.912233,357.484370,296.597523,216.633218,190.554869,155.696747,202.416591,252.742442,536.103989,456.275814,395.404492,331.688436,257.749750,258.700653,229.619271,296.257516,333.122913,609.457779,507.803284,455.292431,365.679951,334.461555,344.502163,306.614287,371.755055,372.752168,642.824887,552.694468,514.292189,458.280027,451.941687,436.449919,430.752894,450.314122,459.898499,647.584485,619.575933,573.956429,508.172347,493.476054,495.007328,510.388605,499.374827
25,637.911250,557.272636,464.670341,370.494501,306.848638,236.192970,184.981152,180.045637,185.696462,585.821827,543.942696,432.058537,336.212497,268.412101,166.045413,146.509124,67.702660,139.360432,597.716554,505.297189,430.464261,331.841212,237.663216,143.487404,84.859965,0.000000,117.049763,578.739272,514.895262,441.256890,321.235695,275.263562,193.758059,84.770337,75.693508,160.911376,603.114142,513.156405,441.276807,377.564624,295.321790,251.963241,180.903843,190.728882,217.414533,619.421092,538.374687,472.000922,407.004160,322.565757,305.891381,255.995412,285.322642,298.291759,688.920677,586.571983,526.673521,431.106806,387.960691,379.667655,331.133536,368.590911,353.387445,718.787516,626.539691,582.010324,520.685203,500.419489,472.117650,451.889811,448.983346,444.756058,719.720826,685.408208,632.383536,560.579757,537.268672,523.817068,529.310314,504.431250
26,748.082726,665.316071,572.229342,476.078261,410.083731,329.478301,265.251895,215.422818,149.710924,700.224773,657.082627,545.190679,448.801323,376.184213,272.832806,241.908800,115.078967,85.407708,714.103692,622.194345,547.086143,448.693424,354.520290,260.512683,201.407766,117.049763,0.000000,695.741053,631.854727,557.870700,436.132667,387.687473,300.311249,183.929364,127.850735,116.164729,717.497071,627.163720,554.564764,487.106726,403.232830,345.140392,250.316261,217.483064,202.771924,731.443882,648.604549,575.180542,509.417624,415.641345,381.765595,314.608085,294.531376,270.136980,794.622282,691.753556,622.732899,521.679039,466.400968,437.650419,380.058499,379.398270,342.803111,819.330862,724.785569,672.789709,605.836142,569.216443,526.298181,488.902264,456.687658,433.435604,814.990989,772.600111,710.720340,632.680688,599.291968,567.514276,560.110203,517.948721
27,251.854940,262.505271,273.465411,323.659188,370.260399,451.360378,513.817785,610.298732,708.669471,153.809621,180.429707,217.876314,287.669543,368.606254,449.168071,494.860422,605.613727,696.485676,88.895035,87.524584,161.405829,250.675957,343.145306,435.253271,494.496315,578.739272,695.741053,0.000000,64.185999,141.433740,270.553247,326.781479,420.015063,525.190431,594.308867,696.846475,121.710687,137.227329,187.932976,267.631338,335.384316,429.816395,530.452240,614.926893,687.785028,177.165664,196.644438,287.295248,310.616605,398.885566,478.533569,542.325592,668.866162,748.937360,301.258422,268.497271,350.022058,388.778192,458.865163,547.565718,573.379112,696.557616,742.649874,375.201622,354.683474,405.114613,430.976331,523.233222,585.014078,647.054187,743.955748,796.145542,426.521507,475.987278,514.324959,524.137688,570.537239,650.439918,705.698527,755.295992
28,267.652975,256.611094,245.376815,279.064731,318.877316,395.848618,455.855797,551.656903,647.731104,167.299333,175.740792,178.043274,233.868923,312.426927,388.343344,434.455937,542.891330,633.923504,121.296899,51.978173,107.068939,188.720658,280.063798,371.433181,430.536229,514.895262,631.854727,64.185999,0.000000,77.940977,207.099640,263.591002,356.452992,461.021931,530.153122,632.858713,137.718083,107.517735,136.666079,211.794753,274.374828,369.277871,468.000408,552.431722,625.034654,187.669169,176.807527,249.521021,262.021690,342.805958,421.948585,482.754769,608.759893,687.419992,310.729136,256.863130,320.694773,344.257490,408.961087,495.445191,517.480770,639.674407,683.582655,380.463551,343.551684,381.823520,397.057915,482.781996,539.260251,597.214383,690.055277,739.880103,425.255276,463.358539,490.483151,490.426337,531.702672,606.288955,659.263604,704.588500
29,316.337430,284.731676,246.895172,251.964551,277.182384,343.814949,397.826324,491.365887,581.960890,221.029212,212.714893,169.157657,191.339257,260.930863,324.417890,371.114331,472.966883,564.198667,190.934672,96.764123,84.912232,126.229412,210.654964,298.282959,356.507012,441.256890,557.870700,141.433740,77.940977,0.000000,129.199462,185.650243,278.622135,384.488688,453.467111,555.515314,176.484628,103.269867,83.084881,142.710419,197.683319,292.724105,390.175201,474.580083,547.119080,212.870310,167.457783,206.096751,201.971731,271.024180,349.061790,406.793410,532.228825,609.952498,324.310460,248.592545,285.092797,287.324396,343.955028,427.070600,444.912651,565.837785,607.787411,385.912821,330.495115,351.728797,352.739263,428.519932,477.956379,530.831663,619.017993,666.456133,421.286143,444.333726,456.859889,444.448765,478.811881,546.358286,596.392292,636.829816
30,414.151351,361.102942,293.900489,252.583748,244.498107,279.855922,316.175841,400.689531,477.486847,329.707883,306.622594,220.181266,177.648977,208.997877,233.217821,278.378529,361.156298,451.535178,313.853202,215.874803,161.334186,95.523687,116.405943,182.678270,236.756652,321.235695,436.132667,270.553247,207.099640,129.199462,0.000000,56.759167,149.466927,258.004124,326.384697,427.016896,281.908532,192.277115,122.249535,86.048385,79.438582,170.755076,261.951989,346.140968,418.313335,301.253365,226.332928,196.044647,151.464222,168.775946,238.662303,285.252408,408.087107,482.792425,386.652459,290.269246,274.114656,228.075720,257.256461,327.118479,332.988201,448.931067,485.421645,432.000251,353.408531,342.729960,315.257786,363.223787,393.988599,433.164000,508.685944,549.896847,450.694830,447.465950,432.695799,396.330344,414.015127,463.399460,505.572796,534.102644
31,465.284716,407.438764,333.795155,279.080805,257.502556,274.197029,298.173229,374.492229,441.165214,383.854166,358.077201,264.623918,205.642041,215.568507,213.170691,254.709521,321.252944,409.869758,370.285310,272.235457,214.303367,133.768814,109.850498,145.252176,192.675813,275.263562,387.687473,326.781479,263.591002,185.650243,56.759167,0.000000,93.881278,206.277602,273.510819,372.191906,330.505314,239.937200,166.945551,105.121719,42.724382,118.214832,205.215784,289.381948,361.596156,344.219611,263.600015,210.903855,153.341809,132.521474,192.525776,231.453368,352.595690,426.214623,418.307071,317.861898,281.285484,214.629466,225.556281,285.152482,284.103098,396.600804,430.530198,456.299733,370.870818,347.011774,307.457481,339.295994,359.402722,390.718861,459.236126,497.384341,467.818927,453.535042,426.885408,380.106315,388.943386,428.120035,465.796502,488.194963
32,541.534524,475.744345,393.437909,321.238380,281.236570,266.476703,267.018705,324.523923,371.971402,466.903128,436.114360,333.592439,255.973632,234.295909,187.565679,217.098097,249.083581,332.545124,459.429636,361.531091,297.526303,204.833365,135.845211,98.097882,119.984617,193.758059,300.311249,420.015063,356.452992,278.622135,149.466927,93.881278,0.000000,116.474512,181.236538,278.344039,422.303257,331.740145,258.251188,186.986035,102.921581,78.893935,118.336875,200.126703,270.656797,432.279456,348.480098,278.256592,213.446280,139.667703,158.664742,164.301951,273.119651,339.270863,495.633477,393.070266,335.522824,246.416441,223.344015,252.997375,232.178543,329.106332,352.812360,525.236892,433.801492,394.351498,339.749214,342.638143,340.176047,351.793811,399.581768,427.667010,528.107117,499.805379,456.761209,395.045588,387.613948,404.513533,430.922733,437.729477
33,615.168844,540.273630,450.564453,363.259730,307.039699,256.902301,226.133388,250.206966,270.298839,552.040972,514.811348,405.096318,313.984649,262.260685,173.838774,177.224073,149.665824,223.045763,554.728596,458.697777,387.857568,289.090274,198.980039,106.797334,59.548717,84.770337,183.929364,525.190431,461.021931,384.488688,258.004124,206.277602,116.474512,0.000000,69.232854,174.627705,536.759952,446.169877,372.976441,303.435721,219.369372,167.604467,103.786457,142.871760,195.205906,548.441221,464.942115,392.213263,326.645574,238.434589,222.319878,179.807832,236.990639,274.775755,611.045858,508.255054,443.740221,346.785326,303.564703,300.446035,256.751834,313.734682,313.214093,637.812898,544.494059,497.904803,435.959953,417.186244,393.095103,380.142712,392.892895,400.620626,636.760955,600.906784,547.708443,476.609632,455.422551,448.146077,459.164332,443.569098
34,680.495350,603.740121,512.787796,422.482000,362.659414,301.381501,257.018213,254.987116,244.143496,619.775395,581.542589,471.020061,378.148089,320.136564,223.480639,214.052538,138.976317,186.912765,623.687791,527.840148,456.617034,357.649171,266.349924,171.779580,115.510152,75.693508,127.850735,594.308867,530.153122,453.467111,326.384697,273.510819,181.236538,69.232854,0.000000,106.708627,603.429127,512.834107,439.401497,367.290402,282.847434,217.992812,123.990906,115.828330,144.637556,613.042963,528.344829,450.010341,384.187513,288.143541,255.284138,193.528869,209.755028,226.096518,670.149030,567.237010,495.278194,393.838474,339.739578,318.266325,265.051193,293.470588,278.021896,692.617791,597.608553,544.940132,478.326286,445.841033,409.461961,382.493877,373.849155,369.196070,687.297466,644.988553,584.667613,508.324156,478.869624,457.067042,458.525433,430.110737
35,786.978572,709.596798,618.176864,526.534163,464.944226,397.086674,343.799180,316.805855,265.583883,726.352303,688.250820,577.669808,484.451270,423.973507,324.267570,307.410195,201.419838,201.177474,729.135687,632.729299,562.447760,463.717325,372.963476,278.469159,221.400113,160.911376,116.164729,696.846475,632.858713,555.515314,427.016896,372.191906,278.344039,174.627705,106.708627,0.000000,698.620232,608.428503,534.944398,458.896492,375.370066,296.987706,187.891877,124.288184,88.288126,703.839010,617.424032,530.591072,465.642687,362.012285,310.223430,232.682812,183.428355,154.695029,750.403099,648.204776,565.315257,459.773952,392.812852,347.269919,285.814136,266.546448,226.723184,765.298639,668.531531,607.095382,534.902603,483.264963,430.441955,384.002317,342.192943,317.280226,752.960711,700.862949,630.563957,548.174227,507.343626,464.599520,451.359325,404.224364
36,372.884583,382.339302,382.120685,414.914395,449.567703,519.961945,574.151732,667.065123,754.428547,275.514711,299.862504,315.672086,363.387764,436.766164,499.243170,545.984791,641.498568,732.396669,209.126343,187.249807,240.477345,302.660909,382.977849,463.591075,518.659850,603.114142,717.497071,121.710687,137.718083,176.484628,281.908532,330.505314,422.303257,536.759952,603.429127,698.620232,0.000000,90.607162,164.052854,240.923329,323.313692,409.329846,518.131037,600.757211,674.271844,55.497332,104.613780,212.143863,257.250978,361.050479,438.662950,512.667693,638.774970,725.434650,179.721336,156.631956,255.232295,319.512608,399.144513,490.843613,527.915825,651.975781,706.282242,253.493268,239.418236,300.113518,339.677255,440.332596,511.337250,581.770549,688.431477,747.754981,305.613545,360.013658,407.605198,429.903583,483.612867,572.054083,631.289989,690.482777
37,374.455594,362.642806,340.926830,354.756791,379.892440,442.986598,492.900922,583.759176,667.547383,273.825802,282.765883,266.216404,294.356367,361.163234,415.185001,461.774796,552.993735,643.623674,220.316721,157.278249,183.154845,224.122218,297.525436,374.677018,428.912233,513.156405,627.163720,137.227329,107.517735,103.269867,192.277115,239.937200,331.740145,446.169877,512.834107,608.428503,90.607162,0.000000,73.537044,152.400707,233.384544,321.392733,429.220775,512.438475,586.027746,112.843072,70.272645,150.118885,179.538774,277.699943,356.800844,427.735659,554.520337,639.551306,221.120799,151.984738,215.156775,253.191207,326.875326,417.385233,448.970272,573.171389,624.368686,284.357233,237.725775,274.609597,294.422022,386.075085,449.288630,513.925149,615.082989,670.967024,323.533904,356.537006,383.524127,387.786758,433.315350,513.944862,570.078063,622.628791
38,396.080981,367.752063,327.593399,321.297212,334.922621,388.281675,432.573700,520.451401,599.682122,298.254415,294.503911,248.993494,253.009500,309.512944,351.944815,397.991830,483.225679,573.363058,257.954105,173.138247,165.882668,173.376470,233.652625,304.751250,357.484370,441.276807,554.564764,187.932976,136.666079,83.084881,122.249535,166.945551,258.251188,372.976441,439.401497,534.944398,164.052854,73.537044,0.000000,81.757922,160.166117,249.906401,356.628191,440.242236,513.828320,179.066948,106.995943,123.027109,125.378314,211.749638,291.481059,358.787929,485.772800,569.220507,269.584344,180.391573,202.588287,208.577526,272.530744,360.044466,385.779678,509.339670,557.521397,322.334837,256.136967,270.021828,269.855327,348.650083,402.756717,460.879005,556.053565,608.547031,350.501017,365.588969,374.144185,361.938418,398.409277,470.105431,522.628779,568.587135
39,457.079915,416.795868,361.344306,332.678985,329.702711,365.083899,397.725200,477.980922,546.241591,363.478970,351.301019,283.587893,258.489637,295.026785,313.379959,356.874307,425.935042,513.851701,331.449688,239.448311,209.291848,173.997385,199.918393,250.342410,296.597523,377.564624,487.106726,267.631338,211.794753,142.710419,86.048385,105.121719,186.986035,303.435721,367.290402,458.896492,240.923329,152.400707,81.757922,0.000000,84.442968,168.994553,277.215751,360.116392,433.692959,245.814513,161.511828,110.533270,69.206045,131.337128,210.912531,277.030208,404.015005,487.713905,313.275419,212.792039,188.088969,152.833123,201.533324,284.657638,306.012193,428.936173,475.993214,352.060847,269.478546,256.827324,233.495023,293.377529,336.679274,388.125560,478.284651,528.685727,366.833964,361.417596,349.033614,318.955616,344.351992,405.601287,454.200948,494.341811
40,493.435401,440.120360,370.309005,319.983187,300.119747,315.669064,336.341560,408.667340,468.619020,407.648765,385.894745,298.431769,245.869878,258.288678,251.456874,291.088222,346.799110,432.999458,387.497003,290.395531,240.391428,169.829284,152.339663,176.535046,216.633218,295.321790,403.232830,335.384316,274.374828,197.683319,79.438582,42.724382,102.921581,219.369372,282.847434,375.370066,323.313692,233.384544,160.166117,84.442968,0.000000,95.041045,197.050586,281.186788,354.638508,330.231277,245.728044,179.111464,117.203990,92.117649,159.224168,209.343010,334.554807,413.571578,393.627632,291.476115,244.443191,172.512819,184.189963,248.594032,253.724960,370.939791,410.316751,426.442564,337.850714,308.511818,265.890779,296.801256,319.291203,354.614933,429.422199,471.903099,433.984689,415.143961,385.376682,337.429653,346.620512,388.364327,428.149855,454.784078
41,583.387190,525.161233,449.103584,386.069455,352.710076,344.545958,345.580314,399.074634,436.354257,500.457160,476.077069,382.138975,315.968687,306.600536,266.433390,295.349587,313.895597,390.648854,482.341250,384.980690,331.614776,250.851871,202.310735,176.874813,190.554869,251.963241,345.140392,429.816395,369.277871,292.724105,170.755076,118.214832,78.893935,167.604467,217.992812,296.987706,409.329846,321.392733,249.906401,168.994553,95.041045,0.000000,110.264535,191.462234,264.944035,409.154526,321.964746,234.127339,168.785986,70.967541,82.141538,114.667276,239.528851,319.777685,454.438935,351.825664,277.659071,179.186916,145.264099,177.674542,167.134398,278.564537,315.453454,474.652452,379.677588,330.327282,269.343556,264.270717,262.350357,280.092347,341.434637,379.450111,470.277282,433.451555,383.646358,318.243115,308.781668,327.869803,357.937253,372.820956
42,659.741904,592.762818,508.526971,430.850569,383.217429,348.174643,326.376014,353.746863,363.937754,584.916400,554.448323,451.239036,370.123714,336.247071,263.800116,276.067013,248.487047,309.676476,575.207337,477.136214,415.287080,323.143183,248.791649,179.174421,155.696747,180.903843,250.316261,530.452240,468.000408,390.175201,261.951989,205.215784,118.336875,103.786457,123.990906,187.891877,518.131037,429.220775,356.628191,277.215751,197.050586,110.264535,0.000000,84.475755,157.656805,519.319136,432.203605,342.816109,278.142854,174.190420,131.494552,76.107685,156.490105,221.553400,562.512514,460.369281,379.018378,274.767298,216.101749,198.767420,152.965384,221.356662,236.409065,578.518884,482.155987,424.646880,355.924117,322.404810,291.267774,276.492711,297.592717,315.900935,568.933093,522.794681,460.772926,384.475623,357.133949,344.655473,355.719538,344.291215
43,739.052510,669.366232,582.733983,500.213448,447.333844,399.700531,364.834245,370.632359,353.811722,666.820896,634.793121,529.394589,444.292915,401.447863,316.673669,317.900478,254.729024,292.565480,658.913267,560.872971,497.627262,403.594736,323.772534,242.624045,202.416591,190.728882,217.483064,614.926893,552.431722,474.580083,346.140968,289.381948,200.126703,142.871760,115.828330,124.288184,600.757211,512.438475,440.242236,360.116392,281.186788,191.462234,84.475755,0.000000,73.594658,599.790355,512.324355,418.565566,355.503905,248.743297,188.755782,109.055028,95.736053,139.874242,636.065076,535.138502,446.317461,339.965190,269.673847,224.013901,163.876344,177.863639,170.348818,646.413118,549.272255,484.920701,411.691757,359.344996,309.937047,272.296129,258.254956,258.619404,631.334858,577.145412,506.280549,424.133724,385.081622,350.136543,345.898903,314.315947
44,805.162521,733.019122,644.533633,558.411117,501.854493,445.289596,401.359469,389.847748,350.652996,735.760929,702.139488,594.937524,506.863539,457.421083,365.435208,358.628853,271.844757,286.473726,730.083632,632.156711,567.309012,471.716041,388.111199,301.002887,252.742442,217.414533,202.771924,687.785028,625.034654,547.119080,418.313335,361.596156,270.656797,195.205906,144.637556,88.288126,674.271844,586.027746,513.828320,433.692959,354.638508,264.944035,157.656805,73.594658,0.000000,672.725987,585.194086,489.944630,427.657997,320.460898,255.774725,174.166200,96.333579,81.474782,705.973417,605.819143,513.738906,407.201573,332.656622,274.147385,211.245841,178.308096,141.637612,713.334053,616.103931,548.384962,473.346389,410.948209,351.397357,299.147269,254.138422,233.507591,695.199807,636.499134,560.766458,476.082820,430.278936,380.482939,364.188814,315.975139
