node_id,0,1,2,3,4,5,6,7,8,9,10,11,12,13,14,15,16,17,18,19,20,21,22,23,24,25,26,27,28,29,30,31,32,33,34,35,36,37,38,39,40,41,42,43,44,45,46,47,48,49,50,51,52,53,54,55,56,57,58,59,60,61,62,63,64,65,66,67,68,69,70,71,72,73,74,75,76,77,78,79,80,81,82,83,84,85,86,87,88,89,90,91,92,93,94,95,96,97,98,99
0,0.000000,75.405634,146.749277,225.309274,276.549459,354.713816,423.850618,505.940000,610.627905,683.392564,75.257965,123.054296,174.993852,241.852404,299.625251,412.024778,465.244067,555.262693,630.815506,672.988342,182.434834,199.860280,251.428048,276.902147,356.029801,439.577129,467.701434,571.918318,640.647994,690.439339,233.542475,251.708320,311.213717,348.862042,395.756096,459.051749,525.936303,600.252397,660.798452,728.253616,318.095887,306.720496,372.150258,392.001026,423.908379,496.130141,553.814589,610.953908,681.006024,771.136346,411.722482,412.719199,433.470736,447.281383,490.621284,546.491927,617.535361,673.319482,754.949759,808.031226,463.323245,469.773906,522.453864,555.807722,593.635353,638.178168,687.410885,731.056403,809.935809,869.287560,517.746358,545.352973,550.212233,581.547106,609.178722,661.840098,729.000426,799.616835,843.560418,923.382110,591.719211,611.570288,660.620419,658.742738,706.884678,757.317613,795.897089,847.092443,895.392722,942.813172,703.561491,700.974057,708.892998,721.892191,756.917320,792.238038,845.189164,886.446757,964.935609,1022.175290
1,75.405634,0.000000,78.255823,154.991067,202.413244,281.741500,352.468286,432.711415,537.224311,611.031949,84.759242,68.608824,106.058341,166.461486,224.294470,336.686770,390.563214,480.365206,556.306841,598.336594,165.961422,156.281433,187.424571,205.410686,283.211745,365.307110,392.401004,496.517773,565.244573,615.249964,216.266007,214.570168,254.981858,282.084670,324.464918,387.622068,451.753149,526.100319,585.510664,652.914304,295.266917,272.959712,324.127061,336.692296,358.969701,427.482254,483.366810,537.941320,607.218296,696.233823,393.315691,383.253056,386.572065,391.597564,430.428478,481.268140,547.819619,601.635423,682.441716,734.672268,441.786505,441.009225,478.657318,503.085201,535.665452,577.027644,621.814013,661.440080,739.856935,797.269690,494.672052,511.875795,508.996038,533.099368,555.560536,601.867518,664.760034,734.387372,775.199822,853.095635,568.277044,581.189175,624.238669,612.709776,655.132807,701.492242,734.709383,783.498375,830.314118,874.731006,681.562839,669.753216,669.510571,678.063687,705.877919,738.752195,786.324557,825.192200,899.855349,955.559693
2,146.749277,78.255823,0.000000,78.562687,133.264691,208.773305,277.109935,359.927290,464.669040,536.776015,160.243931,110.336953,102.617955,109.630392,162.844401,273.326701,321.933174,412.426828,486.563082,529.049322,219.856002,186.361296,179.520032,174.377992,242.273009,315.365453,334.040280,433.672745,503.124963,548.805229,265.043262,244.890594,255.634523,259.664864,287.574676,348.563651,400.987984,474.749861,525.971876,592.333040,334.535062,302.557358,333.328218,334.247221,337.531111,395.462173,445.530334,491.255845,556.916704,639.707318,432.977127,412.489190,394.818609,386.474833,416.358460,456.158749,511.135915,558.836778,636.437982,685.385476,477.296968,469.326237,488.496722,499.814338,523.339456,558.442747,593.946064,623.917389,700.591491,752.234773,527.560928,533.503498,521.489241,535.517250,549.960444,585.078532,639.242011,706.268448,739.959941,812.695443,599.536858,605.043016,640.695510,617.181013,650.963924,690.542777,714.352811,758.273188,801.854881,839.598781,712.814098,691.511783,681.792131,684.626849,702.192138,731.093550,769.621445,804.036930,871.011024,923.289231
3,225.309274,154.991067,78.562687,0.000000,62.920967,131.217672,198.547785,281.956555,386.665342,458.278864,232.318405,167.750378,131.566851,68.768790,101.132391,203.335825,246.610642,337.085444,409.870830,452.531215,271.669422,222.156436,181.808729,151.967989,199.165163,258.145935,267.684395,362.054716,431.639105,473.991948,309.808401,274.732033,256.468107,235.990917,245.892687,301.675321,340.741998,412.819159,456.416428,521.605431,367.217222,327.730697,337.061664,326.253725,309.729331,354.298403,397.153638,433.470862,495.070923,571.979033,462.728572,432.541369,394.728011,373.258250,392.907400,420.316316,462.657922,503.854345,577.774670,623.494621,501.800863,486.821653,486.999440,484.865470,498.767087,526.952201,552.784192,573.165278,647.535988,693.661546,548.344023,542.793435,521.856506,525.458496,531.567088,554.912915,599.766541,663.575414,690.304054,757.885871,617.397209,615.267796,642.867792,607.655806,632.298071,664.651006,679.019308,717.859975,758.047239,789.382867,729.168928,698.371204,679.168865,676.214246,683.332600,707.973102,737.280628,767.121796,826.387439,875.227588
4,276.549459,202.413244,133.264691,62.920967,0.000000,81.138357,155.023496,230.695161,334.970729,409.758970,270.376973,196.193194,145.133553,50.220825,41.129901,141.261257,188.997814,279.370828,354.301388,396.568564,287.606601,227.771278,165.010386,119.150543,145.413003,196.347176,204.867194,301.017396,370.577379,415.567519,317.688991,271.689735,231.429727,193.742629,191.294358,243.332628,278.058312,349.931231,394.513128,460.213841,362.509736,318.236952,310.343424,291.271840,261.789987,298.007984,337.419827,371.030747,432.168311,509.602434,453.107300,415.663345,363.447905,333.279976,345.909410,365.969760,402.593771,441.855568,515.093146,560.578714,487.124193,466.822564,452.911278,441.817621,449.754091,473.955528,495.148817,512.105794,585.787807,630.945308,529.956963,515.668780,488.572626,485.061106,485.869947,502.414129,542.658053,604.991617,629.372211,695.691719,595.861081,587.972072,609.521488,566.786285,585.639296,613.779584,623.445447,660.027995,698.868898,728.192260,705.455270,667.875723,642.250622,635.531241,636.255708,658.386038,682.896665,710.609180,766.828840,814.548952
5,354.713816,281.741500,208.773305,131.217672,81.138357,0.000000,74.520378,151.235678,255.956771,329.353297,351.480645,277.076351,224.285081,128.482004,82.306461,91.877727,117.661890,207.310823,278.778129,321.500533,364.910679,301.949946,228.948881,174.445256,162.057959,173.175470,158.791632,237.843651,306.761889,344.349400,391.211036,340.030420,283.607310,226.917997,198.979730,234.031665,240.447189,305.687020,334.394670,397.137963,427.724621,380.847286,357.025110,328.477981,279.186246,292.548371,317.646772,333.632251,385.861514,451.703287,513.063585,469.741267,402.828607,361.312553,361.040683,363.426629,379.434964,406.949242,472.575096,512.136035,542.121452,516.872816,486.243578,461.401297,457.648632,472.116262,479.518779,482.043773,550.813801,586.960354,580.745321,556.922704,522.316273,508.195082,499.650551,501.260508,528.009106,584.517641,598.687240,656.660392,642.524834,628.022331,641.366402,587.746622,595.889851,614.777695,612.401415,641.615479,675.286018,695.397136,748.607149,702.955184,668.505545,655.892709,645.027661,661.706512,674.509631,695.941921,741.263255,783.835057
6,423.850618,352.468286,277.109935,198.547785,155.023496,74.520378,0.000000,89.264591,191.352492,260.008938,424.692016,351.214116,298.805159,202.995858,154.732268,108.932346,86.435209,160.474419,221.584711,264.187081,439.169552,375.524936,299.763357,243.655015,215.126671,195.927286,159.656752,204.445508,268.553842,293.321180,464.358473,411.427962,348.475663,283.992271,242.691860,261.775730,240.378030,293.344779,300.422758,357.157331,497.271913,449.456567,417.586537,384.125022,323.964587,319.371522,330.380665,327.615218,367.599680,417.432470,579.454791,533.131328,458.222046,410.266961,400.957349,389.382309,386.141129,400.709045,456.212800,488.202782,605.517801,577.481586,536.333304,502.073423,489.362490,495.437118,490.362553,478.755204,541.017404,566.849309,641.337253,611.546144,572.205942,550.676899,535.162986,524.527605,538.705989,588.690559,592.530857,641.002717,700.072826,681.219387,688.646615,627.477384,627.061338,637.962465,624.969241,646.902915,675.154437,685.806099,803.172344,752.088282,711.399528,694.392703,674.359471,686.271475,688.657740,704.070793,738.446158,775.472142
7,505.940000,432.711415,359.927290,281.956555,230.695161,151.235678,89.264591,0.000000,104.741778,179.572807,500.002830,423.344195,367.205170,273.710178,218.347405,125.964336,61.598098,78.137218,132.323052,174.932543,501.526699,434.555993,351.670997,294.429169,243.501155,190.375668,136.777076,131.370877,187.505724,204.889311,520.212356,462.045699,385.981780,311.784145,255.752846,252.713212,200.586704,235.053148,221.611948,273.118893,541.346357,492.057062,444.960354,404.537369,331.596822,304.104433,297.436665,273.937705,300.053744,336.141608,614.853641,563.034637,475.743394,419.520639,397.939848,368.951073,343.345585,343.630867,388.108567,413.330832,634.293564,601.360689,543.574358,496.592405,472.396077,467.889838,448.558146,422.403764,477.254622,493.991555,664.236716,624.501061,578.385492,546.495070,521.886302,496.136914,495.566518,537.674196,531.346700,570.960629,716.740032,690.809641,688.944743,617.949636,606.251873,607.148081,582.253543,596.144583,618.634850,620.462848,813.625213,754.384169,704.996662,682.124600,650.457167,656.357566,646.741422,655.514700,678.723568,710.456181
8,610.627905,537.224311,464.669040,386.665342,334.970729,255.956771,191.352492,104.741778,0.000000,80.370769,603.272412,525.818894,468.686660,376.671375,320.143828,217.716771,152.972216,83.919362,48.713558,81.953491,599.413283,531.341977,446.009370,389.502902,328.798577,257.854673,200.820662,127.279086,142.728097,123.294472,614.458123,553.885028,471.112813,393.076223,330.171654,309.390623,231.922037,233.172576,177.588033,206.972417,627.999617,578.410017,521.427538,476.841615,396.764993,350.001545,324.142589,274.360660,273.125615,274.613880,694.334939,639.018595,543.541031,482.033952,450.109724,404.713705,353.234083,331.928612,353.834431,363.962161,708.309526,671.835555,600.502166,542.457176,506.939067,490.372593,453.530588,407.021409,447.006396,446.061826,732.933941,685.014602,633.500053,592.195628,558.741317,516.480360,496.713233,525.967932,503.721253,526.540650,779.215941,747.078776,736.121545,656.282127,632.257865,621.048507,581.158574,583.142792,596.270735,583.471379,869.088125,802.559213,744.942747,716.139036,671.780325,670.214103,645.124553,644.340730,650.005445,672.398225
9,683.392564,611.031949,536.776015,458.278864,409.758970,329.353297,260.008938,179.572807,80.370769,0.000000,679.517476,602.895565,546.490033,453.282567,397.645991,297.637375,232.382370,162.036848,97.030065,92.618581,678.837093,611.007362,526.043059,469.375860,409.149648,336.903944,280.161072,195.891839,187.247108,135.762402,694.589088,634.197192,551.364350,473.124211,409.646250,385.786130,303.466559,291.650909,216.519815,221.650731,708.270409,658.680461,600.595330,555.380434,474.217258,422.842038,390.845571,331.424967,314.374668,287.217518,773.741878,717.878740,620.861515,558.307473,523.638691,473.124186,411.659929,379.503286,385.214359,382.562914,786.654343,749.434785,674.503155,613.012328,573.400514,551.718917,506.705481,449.429061,477.875692,462.734137,809.949712,759.797531,706.741304,662.305166,625.606370,576.406917,546.831248,567.674292,534.987358,544.023269,854.328136,820.244013,805.963325,722.958968,693.541386,676.311320,628.475050,622.946140,629.442729,605.860796,941.586754,872.508256,811.756711,780.499558,730.380790,724.916715,691.222889,684.405383,677.668227,692.450821
10,75.257965,84.759242,160.243931,232.318405,270.376973,351.480645,424.692016,500.002830,603.272412,679.517476,0.000000,79.789964,139.374647,226.610793,283.753315,393.562397,452.632200,540.245309,617.950943,658.984717,107.352725,133.994309,201.260855,238.788630,318.976226,406.463227,442.079269,549.571121,616.488176,671.737921,158.299144,180.444022,250.198586,299.136096,353.636548,416.219994,491.309042,564.804075,633.243491,701.262752,242.947209,233.477066,304.087868,328.625672,370.039538,447.030687,507.643236,571.016847,643.413972,739.013303,336.535514,338.031392,364.180008,383.525429,430.436217,491.600508,569.339114,629.139703,712.575720,768.165861,388.067588,394.886611,451.209068,489.070746,530.619783,577.885573,632.082411,681.990174,761.437392,825.066784,442.489658,471.037933,477.898148,512.190139,542.762997,600.267485,671.718899,743.305903,791.747269,874.915580,516.461346,536.707750,586.708828,587.970238,638.909564,691.895017,734.970097,788.599285,838.573205,890.223517,628.336743,626.142338,635.656146,650.076266,688.386542,725.098992,781.946244,825.318224,907.933485,967.127903
11,123.054296,68.608824,110.336953,167.750378,196.193194,277.076351,351.214116,423.344195,525.818894,602.895565,79.789964,0.000000,59.586850,149.728984,205.706691,314.333995,374.322774,461.233388,539.189742,579.969728,109.525587,87.804363,128.632275,160.129121,240.420332,327.293382,362.291230,469.811303,536.700723,592.138633,155.872973,146.561006,189.768443,226.543232,276.932627,340.006905,412.574663,486.358188,553.606985,621.609161,230.334647,205.156573,256.216851,271.262431,300.943687,374.335572,433.272299,493.929315,565.639297,660.016291,328.957890,315.768803,318.563735,326.469952,368.096527,423.501058,496.232188,553.902604,636.601446,691.251398,376.068418,373.480211,410.305265,436.844796,471.969864,515.511420,564.424989,609.534632,688.679394,750.014153,428.296484,443.532097,440.452468,465.595851,489.727990,539.505347,605.948121,676.583177,721.251497,802.201115,501.600098,513.147172,555.655007,544.771863,588.688800,636.762229,673.281735,724.081949,772.346118,820.349082,615.017858,601.531145,600.926213,609.827266,639.232697,673.005971,723.321047,763.839848,841.886819,899.283104
12,174.993852,106.058341,102.617955,131.566851,145.133553,224.285081,298.805159,367.205170,468.686660,546.490033,139.374647,59.586850,0.000000,95.829926,148.865916,255.508802,316.496476,402.548200,480.725862,521.230611,143.237885,90.833119,82.886156,102.323208,182.281260,268.300282,302.704842,410.281809,477.114130,532.790516,178.403826,146.007248,155.798025,176.026605,220.822562,284.115267,353.950385,427.953176,494.121375,562.107461,237.890399,202.105863,231.569110,236.460806,253.035927,321.896973,378.875247,436.787354,507.791307,601.052620,335.127669,311.009676,293.525189,290.354944,326.026610,375.237245,442.823888,498.379120,580.298147,634.074184,377.333618,367.444233,387.099019,403.186460,432.082190,471.881315,515.755769,556.412853,635.135573,694.399886,426.544607,430.889600,419.620234,436.499265,454.676928,497.151603,558.785587,628.332134,669.615494,748.533011,497.935365,502.475950,538.387856,517.593191,555.141571,598.686650,629.398128,677.587013,724.260011,769.069514,611.035054,588.896555,580.173007,584.463304,606.210408,637.294941,681.846921,719.805575,793.799620,849.586771
13,241.852404,166.461486,109.630392,68.768790,50.220825,128.482004,202.995858,273.710178,376.671375,453.282567,226.610793,149.728984,95.829926,0.000000,58.079990,170.312661,226.452150,315.202066,392.184861,433.709211,237.593702,177.639769,119.598690,83.394457,135.616766,205.741240,226.897002,330.072405,398.903644,449.151740,267.562660,222.865678,191.026868,167.329058,182.058387,241.061423,291.492840,365.408422,419.853325,486.970642,314.384939,271.314774,271.362961,258.121488,241.845858,290.828402,337.802245,381.640727,447.485371,532.078313,406.612398,371.847384,327.650342,304.549028,324.600319,354.931327,403.513054,449.543423,526.816965,575.894935,442.538024,424.564659,419.319763,416.099798,430.783883,460.472103,489.829746,515.692611,591.796283,642.630473,487.045041,477.399955,454.417651,456.784988,462.947168,488.135046,536.147771,601.498268,632.203572,703.574307,554.567744,549.894933,575.518711,538.969154,563.753905,597.078603,613.929734,654.788863,696.620228,731.722123,665.419371,631.917660,611.025708,607.556771,614.829258,639.975622,671.306656,702.685546,765.436981,816.250898
14,299.625251,224.294470,162.844401,101.132391,41.129901,82.306461,154.732268,218.347405,320.143828,397.645991,283.753315,205.706691,148.865916,58.079990,0.000000,112.399566,168.881465,257.201720,334.399907,375.782258,285.527479,220.904732,146.727218,93.342955,105.055790,157.071401,171.196009,272.534826,341.611111,391.101334,309.628284,257.726793,204.827668,158.025205,150.487004,202.280671,240.518540,313.418802,363.443262,430.183876,345.666708,299.174156,281.232161,257.927202,222.735533,256.890232,296.735137,332.725493,395.734044,476.862917,432.265153,390.937540,331.324516,297.139970,306.859238,325.004052,362.054563,402.781304,477.364776,524.287907,463.087798,439.946290,418.868310,403.948494,409.863819,433.140596,454.070986,472.127094,546.406740,593.298501,503.590827,484.757646,454.761360,448.127139,446.954598,461.671983,501.546673,564.055659,589.316397,656.873370,567.507020,556.700392,575.313938,529.487865,546.290779,573.307188,582.329807,618.983606,658.075362,688.319675,675.638671,634.845392,606.415950,598.195199,596.739051,618.184755,641.856166,669.482141,726.151221,774.352020
15,412.024778,336.686770,273.326701,203.335825,141.261257,91.877727,108.932346,125.964336,217.716771,297.637375,393.562397,314.333995,255.508802,170.312661,112.399566,0.000000,65.894409,147.067054,225.436867,265.721886,381.966142,313.687351,228.418710,171.786754,117.968221,87.935980,67.428105,160.448177,229.814026,278.977644,397.034584,337.401191,260.053989,186.978978,136.637840,153.276759,148.569477,214.950109,253.253182,319.100707,415.448458,366.119806,321.026173,283.006775,216.969890,211.369761,228.674607,241.840424,296.065428,368.667484,489.471504,438.743001,355.962232,304.320349,292.293511,281.901078,288.891329,315.094033,381.859319,423.472875,510.474193,479.156953,430.223293,393.350744,380.836990,389.150323,390.510097,390.233588,459.038834,496.817760,542.572404,507.720292,465.869954,442.150688,426.280218,418.329902,439.065240,493.838665,506.816251,565.445083,598.100643,576.244767,581.050885,518.594708,518.783208,532.005140,524.306868,551.267801,583.929853,603.556108,698.716984,645.029663,602.790225,585.461186,566.522633,579.870575,587.150896,606.435701,649.627607,691.958067
16,465.244067,390.563214,321.933174,246.610642,188.997814,117.661890,86.435209,61.598098,152.972216,232.382370,452.632200,374.322774,316.496476,226.452150,168.881465,65.894409,0.000000,90.538204,165.853700,207.774449,446.518423,378.625560,294.010077,237.125193,182.337702,131.127109,81.773074,122.353314,190.081434,227.385610,462.690590,403.284662,325.105855,250.303785,194.402708,195.397753,157.115900,206.938139,219.411584,280.314158,480.981743,431.572919,383.364509,343.075092,271.217947,249.421929,250.859284,241.719433,281.588179,337.051683,553.445697,501.445951,414.575305,359.225269,340.080076,316.812539,303.161320,314.561548,370.106829,403.688763,572.696398,539.877099,483.922000,439.796714,419.381447,419.489471,408.149747,392.818042,454.582196,481.509556,602.834008,564.056623,519.000481,489.479373,467.677122,448.256089,456.166876,503.945462,506.191520,554.985080,655.913308,630.970605,631.045470,562.722282,555.211833,560.807512,542.770708,562.303837,589.398176,599.377600,753.762446,696.098070,648.958668,627.953396,600.868235,609.659565,606.859938,620.131240,652.295536,689.036995
17,555.262693,480.365206,412.426828,337.085444,279.370828,207.310823,160.474419,78.137218,83.919362,162.036848,540.245309,461.233388,402.548200,315.202066,257.201720,147.067054,90.538204,0.000000,78.647171,118.743904,527.090288,458.275577,371.432381,316.233118,250.092132,174.885490,118.345702,57.219544,109.573426,137.052872,538.681929,476.702676,390.950099,312.034531,247.777184,225.499784,151.001603,166.634169,143.475073,196.808385,547.805665,498.255151,438.565890,393.436532,312.912844,267.333368,246.117269,207.390487,224.594086,258.521626,611.757729,555.861266,459.685281,398.124974,366.914180,324.634063,282.488958,273.152093,311.832078,335.331299,624.813583,588.051720,517.017541,460.553891,427.746374,415.244765,386.125182,351.333305,402.243081,416.211129,649.047748,601.293005,550.254001,510.448479,479.076077,442.341531,431.604471,468.564459,457.187958,493.671342,695.413965,663.802322,654.325863,576.477900,556.380010,550.132764,517.684621,526.792569,546.235178,544.449346,786.002936,720.644916,664.879242,637.744377,597.836273,599.480446,582.173818,587.040662,604.701774,634.399256
18,630.815506,556.306841,486.563082,409.870830,354.301388,278.778129,221.584711,132.323052,48.713558,97.030065,617.950943,539.189742,480.725862,392.184861,334.399907,225.436867,165.853700,78.647171,0.000000,42.836246,605.697323,536.846424,449.874525,394.842455,327.583340,248.724457,193.896698,99.729340,97.104756,76.819807,616.760874,554.391731,467.136331,387.680660,322.035261,292.529704,207.388469,195.874654,130.816348,158.459906,623.683792,574.239078,511.053319,464.515665,381.831599,326.874354,293.819004,236.304527,227.827295,226.008132,684.481552,627.285990,527.867156,464.285640,427.787473,376.114199,316.306295,289.202921,306.530916,315.327094,694.915150,656.589058,578.701875,516.171529,476.430884,455.674931,413.760157,362.639360,399.831873,397.408877,716.309671,664.352994,610.574569,565.385121,528.618656,480.813582,455.541475,481.620771,456.716961,477.961880,759.020444,723.984386,708.989593,626.002447,597.628135,582.632179,538.920109,538.301451,549.774169,535.294778,845.063507,775.536153,714.801458,683.881854,635.381111,631.538175,602.487551,599.654214,602.553626,624.063760
19,672.988342,598.336594,529.049322,452.531215,396.568564,321.500533,264.187081,174.932543,81.953491,92.618581,658.984717,579.969728,521.230611,433.709211,375.782258,265.721886,207.774449,118.743904,42.836246,0.000000,644.080816,575.064004,487.683624,433.407660,363.841847,281.895468,229.160231,126.450736,97.740338,45.646755,653.492667,590.457116,501.302749,421.511757,354.886597,320.263202,230.902274,205.877302,124.469045,133.054683,657.165409,607.930855,541.388411,493.830415,409.953207,349.291173,309.871876,243.970152,221.989612,200.434040,714.578966,656.330277,554.572549,489.799995,449.896166,392.868974,324.007391,287.895910,293.130794,293.896812,722.649695,683.124148,600.391072,534.131049,490.339622,464.846672,416.143369,356.906810,386.080563,375.194710,741.663913,686.677586,631.163397,582.584788,542.624702,488.567582,455.288083,475.066859,443.217438,456.398050,781.460970,744.046499,725.326591,639.382843,606.075895,586.026664,536.287196,530.345159,537.464426,516.535091,863.994308,791.793193,728.020298,694.844659,641.382400,634.347298,598.838646,591.807269,586.886139,604.108899
20,182.434834,165.961422,219.856002,271.669422,287.606601,364.910679,439.169552,501.526699,599.413283,678.837093,107.352725,109.525587,143.237885,237.593702,285.527479,381.966142,446.518423,527.090288,605.697323,644.080816,0.000000,69.131015,156.939920,210.857237,283.195710,371.140422,416.817039,525.144990,587.465021,649.626623,51.650632,84.070006,174.323392,242.186500,306.394142,364.268143,449.776609,519.704815,598.677658,666.169761,135.667127,129.200591,209.536501,242.865702,300.763101,383.146773,446.820433,518.658136,593.181465,695.520863,230.659827,230.852303,265.911802,295.301138,347.588793,416.546669,503.734298,568.831515,653.761996,712.466053,281.422083,287.560941,348.730408,393.804519,441.145425,492.348494,553.928722,613.144532,692.536846,762.075538,335.623333,364.145759,373.646618,412.410235,447.542602,512.401714,590.006219,662.463355,717.443040,805.031648,409.625877,429.382757,480.178499,485.668434,540.637738,597.280909,647.033951,704.055958,756.264522,813.991471,521.923737,518.825446,529.876962,546.137015,589.082933,627.737632,690.204505,736.557484,824.956650,886.771561
21,199.860280,156.281433,186.361296,222.156436,227.771278,301.949946,375.524936,434.555993,531.341977,611.007362,133.994309,87.804363,90.833119,177.639769,220.904732,313.687351,378.625560,458.275577,536.846424,575.064004,69.131015,0.000000,87.829020,142.129003,214.198577,302.352890,347.686278,456.029169,518.555972,580.505195,89.923017,59.411037,117.150510,176.497616,238.897841,298.183923,381.933739,452.672512,530.232171,597.862513,148.386385,118.033856,172.307765,194.631514,240.796552,321.178367,383.932919,453.307128,527.466689,628.516441,246.643300,228.797652,233.892991,249.561609,296.881222,360.468183,443.000166,506.147060,590.734540,648.517946,291.362433,286.374956,324.226161,356.243677,396.637150,444.127691,500.171187,554.190967,633.753537,700.792350,342.529590,355.735315,353.566781,381.841409,409.770321,466.308546,538.806326,610.707306,661.553113,746.886287,415.340884,425.498442,468.002706,459.744515,507.058071,558.489925,601.046139,655.153815,705.660359,759.347356,528.800740,513.771188,513.753279,523.917189,557.057062,592.616297,648.020267,691.360508,774.898443,834.855122
22,251.428048,187.424571,179.520032,181.808729,165.010386,228.948881,299.763357,351.670997,446.009370,526.043059,201.260855,128.632275,82.886156,119.598690,146.727218,228.418710,294.010077,371.432381,449.874525,487.683624,156.939920,87.829020,0.000000,57.297694,126.484665,214.902586,259.907637,368.205319,430.875841,492.687252,168.693723,111.744437,76.780831,98.214106,154.233202,215.775388,295.896911,367.771742,443.129324,510.914048,199.052437,153.445099,156.605425,154.892076,172.542549,246.244005,306.387487,371.102917,444.417910,543.360630,288.099934,252.280237,216.621941,208.014232,243.291623,295.139986,368.430968,427.926155,511.569507,567.786087,322.972113,305.475892,310.149897,321.158472,349.206641,389.608899,436.034417,481.456141,560.760963,623.810756,367.634710,361.424793,343.930346,356.013254,372.219796,414.586711,478.081592,548.348317,592.682575,674.287072,435.840892,433.826761,464.233884,437.665008,472.894296,515.809155,547.285446,596.564904,644.190658,691.732588,547.388166,517.886415,503.477881,505.189726,524.036252,554.598919,599.191974,637.773548,713.746689,770.747784
23,276.902147,205.410686,174.377992,151.967989,119.150543,174.445256,243.655015,294.429169,389.502902,469.375860,238.788630,160.129121,102.323208,83.394457,93.342955,171.786754,237.125193,316.233118,394.842455,433.407660,210.857237,142.129003,57.297694,0.000000,80.293426,167.867586,207.720445,316.338727,380.989710,440.463768,225.810041,168.674101,112.563529,86.244791,119.081125,182.313481,252.550551,326.236568,395.670410,463.708834,253.723446,206.437543,191.209056,174.889600,163.462812,223.463918,277.990430,334.464343,405.641592,500.228117,338.961516,298.057922,245.386858,221.332714,244.128572,281.978415,342.655535,396.516621,478.084617,531.756618,370.047589,348.126674,336.350098,333.359112,350.972469,384.235893,420.662062,456.245638,534.496795,592.408614,411.504539,396.758585,371.634211,373.495328,381.056381,411.113085,465.383554,533.221662,570.641355,647.695020,476.804220,469.141049,492.751249,455.697479,482.070576,517.967503,539.975131,584.461689,629.028699,670.286579,586.311652,549.940143,527.710686,524.246597,533.250416,559.783421,595.454715,629.695829,698.389184,752.292651
24,356.029801,283.211745,242.273009,199.165163,145.413003,162.057959,215.126671,243.501155,328.798577,409.149648,318.976226,240.420332,182.281260,135.616766,105.055790,117.968221,182.337702,250.092132,327.583340,363.841847,283.195710,214.198577,126.484665,80.293426,0.000000,88.709529,134.794297,242.316607,304.391854,366.800483,289.665788,226.818312,142.950787,69.519712,46.742802,106.329201,172.338519,245.943535,317.131108,385.060847,299.476856,249.923467,203.861985,169.039078,119.053848,155.429905,203.291670,254.928053,325.510428,420.142142,371.513018,321.125737,243.264961,199.254654,202.782855,221.335233,268.865735,318.831331,399.231399,452.041229,393.088786,363.084461,324.377335,301.475499,304.868360,328.767104,354.350496,381.798722,458.985886,514.139482,426.811629,396.976987,360.443154,347.197049,342.810690,357.112152,400.934841,465.892225,497.688098,571.633511,484.952178,467.337057,479.308590,427.644916,441.623288,468.373203,479.863042,519.381452,561.009055,597.332875,588.752779,541.054940,507.025916,496.152913,491.924707,513.134129,538.418986,568.016376,629.860162,681.175273
25,439.577129,365.307110,315.365453,258.145935,196.347176,173.175470,195.927286,190.375668,257.854673,336.903944,406.463227,327.293382,268.300282,205.741240,157.071401,87.935980,131.127109,174.885490,248.724457,281.895468,371.140422,302.352890,214.902586,167.867586,88.709529,0.000000,57.185389,157.111804,216.433186,280.860612,374.699682,310.522598,219.472461,139.636877,73.310978,65.998349,86.460703,160.804721,228.421833,296.356439,375.345193,326.052564,263.694151,219.138887,141.750462,123.530188,145.012999,176.129052,242.300714,332.757057,436.879632,381.164693,287.579836,229.400010,209.165459,193.966361,208.457293,245.713185,321.203511,370.435453,450.630913,415.023989,353.209981,309.397985,293.457223,301.373214,306.570134,316.026714,389.468674,437.093519,476.960312,434.397561,388.103123,358.867880,339.808678,330.563119,354.999943,413.049287,433.341092,499.810220,527.135924,500.433974,499.988939,433.437658,431.154039,444.259825,439.226000,469.559628,505.355923,531.948230,623.249547,564.976190,518.861113,499.604239,478.677591,492.011545,501.416599,523.105154,572.509660,618.676294
26,467.701434,392.401004,334.040280,267.684395,204.867194,158.791632,159.656752,136.777076,200.820662,280.161072,442.079269,362.291230,302.704842,226.897002,171.196009,67.428105,81.773074,118.345702,193.896698,229.160231,416.817039,347.686278,259.907637,207.720445,134.794297,57.185389,0.000000,108.621745,174.409876,232.911960,424.443790,361.297376,273.258904,193.954569,129.486072,116.027418,82.740782,147.554476,193.111427,260.601330,429.920629,380.430029,320.608917,276.320106,198.237884,168.065066,170.931844,174.995763,228.925404,305.667371,493.608794,438.237242,344.513631,285.384464,261.254814,235.040298,226.984893,248.474337,314.439938,356.718092,507.808195,472.145710,407.999177,359.854768,337.709914,338.182134,330.784399,324.512548,392.095535,429.483772,533.958012,490.189434,442.466528,409.735700,386.304893,367.057840,379.184897,430.824971,440.585678,498.059009,583.349814,555.331359,552.200421,481.790374,473.442926,479.962968,465.350846,488.739394,519.406503,536.791216,678.098618,617.717533,568.498311,546.615334,519.211596,528.652254,529.001945,545.165831,584.356181,625.464560
27,571.918318,496.517773,433.672745,362.054716,301.017396,237.843651,204.445508,131.370877,127.279086,195.891839,549.571121,469.811303,410.281809,330.072405,272.534826,160.448177,122.353314,57.219544,99.729340,126.450736,525.144990,456.029169,368.205319,316.338727,242.316607,157.111804,108.621745,0.000000,69.589907,124.501364,531.267031,467.409397,376.392156,296.533596,229.402502,194.163312,107.690647,109.990254,97.061146,159.700765,531.552160,482.495375,414.937741,367.448798,283.810408,227.171711,197.008380,151.067627,168.724295,214.702098,588.142676,530.038065,429.122224,365.029633,328.073012,278.223851,227.816093,215.937839,256.751585,284.229820,596.782201,557.814917,478.987563,417.327467,379.913003,363.390972,330.393903,294.127334,346.132748,363.899872,617.096157,564.625649,510.961706,466.778316,431.843008,389.807863,375.328703,411.375074,400.665625,440.012600,659.299979,624.421347,610.589285,529.380974,505.168728,495.903938,461.157019,469.584948,489.224775,489.102339,745.695234,677.111893,618.110132,588.890572,545.267847,545.203071,525.596471,529.874873,548.158852,579.094771
28,640.647994,565.244573,503.124963,431.639105,370.577379,306.761889,268.553842,187.505724,142.728097,187.247108,616.488176,536.700723,477.114130,398.903644,341.611111,229.814026,190.081434,109.573426,97.104756,97.740338,587.465021,518.555972,430.875841,380.989710,304.391854,216.433186,174.409876,69.589907,0.000000,72.230604,590.468479,525.846059,432.159350,352.891756,285.393133,240.414784,147.449585,109.103140,35.773611,90.377287,584.526398,536.249997,462.687943,413.653350,328.749615,260.468020,215.333852,146.308066,130.768949,149.075139,634.162880,574.312342,469.395710,403.398405,359.542430,298.150488,226.274216,192.863427,211.663954,227.845940,638.119468,596.963845,508.757395,439.618205,393.728217,367.144757,319.462042,265.547851,304.588594,309.558332,653.669325,595.385653,538.405155,487.442084,445.960338,390.834358,359.898136,384.521440,361.150938,388.571394,690.041577,650.578769,629.462234,542.385196,508.336022,489.133241,442.478788,441.217887,453.543041,442.865334,769.511635,695.818772,630.909925,597.261692,543.866450,537.684547,505.814345,502.558225,507.764624,532.344691
29,690.439339,615.249964,548.805229,473.991948,415.567519,344.349400,293.321180,204.889311,123.294472,135.762402,671.737921,592.138633,532.790516,449.151740,391.101334,278.977644,227.385610,137.052872,76.819807,45.646755,649.626623,580.505195,492.687252,440.463768,366.800483,280.860612,232.911960,124.501364,72.230604,0.000000,655.466868,591.383183,499.294657,419.566102,352.101839,310.636621,218.205179,179.858866,88.879703,87.423353,653.218133,604.539510,533.116129,484.412223,399.626209,332.631612,286.993817,214.634960,182.982058,154.805512,705.192793,645.666346,541.267082,475.402724,431.766976,369.567061,293.245152,250.836084,249.613688,248.381627,709.966278,669.014906,580.846027,510.956290,463.498961,434.026562,380.473781,316.579849,342.129753,329.579119,725.875387,667.496995,610.276343,558.399593,515.580281,456.465323,417.661583,433.838214,399.233704,410.800966,762.118704,722.205179,699.777682,611.362801,574.017813,550.308957,496.949633,488.330099,493.731710,471.220960,840.678090,765.993309,699.585018,664.556901,607.350921,598.098698,558.793322,549.731449,542.138812,558.613177
30,233.542475,216.266007,265.043262,309.808401,317.688991,391.211036,464.358473,520.212356,614.458123,694.589088,158.299144,155.872973,178.403826,267.562660,309.628284,397.034584,462.690590,538.681929,616.760874,653.492667,51.650632,89.923017,168.693723,225.810041,289.665788,374.699682,424.443790,531.267031,590.468479,655.466868,0.000000,65.187293,162.178130,238.456634,305.468633,358.685938,448.182552,515.013443,598.687902,665.244866,84.970753,88.396790,177.667061,217.858349,286.128685,369.763163,434.100471,509.878223,584.732893,689.875921,179.009196,181.595051,228.469537,266.476225,321.849119,395.133588,487.215683,554.791064,639.825597,699.894548,229.909681,237.525525,305.782876,357.349515,408.932054,462.588790,528.766138,593.488194,672.273077,744.953528,284.229046,315.287831,328.543125,371.732760,410.646051,480.760194,562.152091,634.740756,693.662466,783.555069,358.218494,379.228755,431.791268,442.193493,500.620361,560.003877,614.503338,673.623453,727.111117,788.536748,470.362071,468.675994,482.483175,500.825286,547.999620,588.151085,654.735088,703.066655,795.102241,858.425590
31,251.708320,214.570168,244.890594,274.732033,271.689735,340.030420,411.427962,462.045699,553.885028,634.197192,180.444022,146.561006,146.007248,222.865678,257.726793,337.401191,403.284662,476.702676,554.391731,590.457116,84.070006,59.411037,111.744437,168.674101,226.818312,310.522598,361.297376,467.409397,525.846059,591.383183,65.187293,0.000000,97.203037,173.419593,240.609206,293.507089,383.087082,449.839260,533.658476,600.125208,92.488939,58.668586,125.941470,159.233882,222.290962,305.752695,370.006799,445.054771,519.901214,624.778594,189.121842,169.423059,184.195733,211.248514,264.032905,334.550827,424.423800,491.199443,576.263645,635.970707,232.412972,227.050115,270.947105,310.891250,357.143905,408.313210,470.742689,532.193363,611.341827,682.601945,283.206585,297.443945,298.550393,331.942114,364.682783,428.344693,506.225642,578.732400,634.794218,723.335677,355.937061,366.641936,410.810426,407.581420,459.258405,514.351494,563.004468,620.012829,672.340387,730.846070,469.395609,455.194614,457.784002,470.213806,508.372957,545.926015,606.619846,652.600148,740.968008,802.985991
32,311.213717,254.981858,255.634523,256.468107,231.429727,283.607310,348.475663,385.981780,471.112813,551.364350,250.198586,189.768443,155.798025,191.026868,204.827668,260.053989,325.105855,390.950099,467.136331,501.302749,174.323392,117.150510,76.780831,112.563529,142.950787,219.472461,273.258904,376.392156,432.159350,499.294657,162.178130,97.203037,0.000000,79.860979,147.195070,196.846805,287.578699,353.061230,438.330117,504.262492,156.920297,107.337172,80.593558,81.713133,126.478954,209.336117,273.392050,347.856620,422.700737,527.714202,231.119296,186.249728,139.843834,136.763149,180.295676,243.721398,329.424150,395.042221,480.072026,539.371916,258.561115,235.563511,233.378767,248.276608,282.441895,327.873762,383.067157,439.069639,518.543162,587.775753,298.985012,286.492954,267.180296,280.704547,300.581579,350.864035,421.732484,493.572207,544.947487,631.312024,364.461786,358.992693,387.618897,361.921680,400.371991,447.015503,485.281509,538.401020,588.597871,642.448285,474.604042,441.991386,426.719864,429.082395,451.265394,483.775763,533.976855,575.760814,657.884013,717.704716
33,348.862042,282.084670,259.664864,235.990917,193.742629,226.917997,283.992271,311.784145,393.076223,473.124211,299.136096,226.543232,176.026605,167.329058,158.025205,186.978978,250.303785,312.034531,387.680660,421.511757,242.186500,176.497616,98.214106,86.244791,69.519712,139.636877,193.954569,296.533596,352.891756,419.566102,238.456634,173.419593,79.860979,0.000000,67.536102,122.081652,209.745751,277.857273,360.243376,426.827996,236.003805,186.574510,134.344083,101.561485,78.064702,148.036224,208.786136,276.850663,351.157409,453.533543,303.185573,251.778545,175.918517,139.540906,157.920023,199.346673,270.268310,330.747331,414.919121,472.180345,323.634023,293.689711,261.074613,249.208583,264.728420,298.911877,339.731712,383.242036,462.556153,526.291919,357.473681,330.010830,297.050467,291.434917,295.620512,325.415240,383.033958,452.320746,494.754443,576.079923,416.558057,401.164002,417.374762,373.328045,396.469556,431.735905,455.468370,501.981158,548.251436,593.954169,521.729063,477.448390,448.664758,442.062845,447.580458,473.593174,510.012882,545.550444,617.785145,673.734936
34,395.756096,324.464918,287.574676,245.892687,191.294358,198.979730,242.691860,255.752846,330.171654,409.646250,353.636548,276.932627,220.822562,182.058387,150.487004,136.637840,194.402708,247.777184,322.035261,354.886597,306.394142,238.897841,154.233202,119.081125,46.742802,73.310978,129.486072,229.402502,285.393133,352.101839,305.468633,240.609206,147.195070,67.536102,0.000000,63.296060,143.476861,213.855014,293.388489,360.366593,302.285507,253.122440,191.425677,148.885739,81.422867,108.784626,159.177955,217.386770,290.261178,389.659857,364.165940,309.375288,220.275409,167.836988,162.061766,174.819882,224.290527,277.564709,359.709123,414.556129,379.680230,345.700832,293.869796,262.566754,260.989321,282.669669,307.774404,337.705161,415.629252,473.579696,408.485001,371.165775,329.648473,309.911563,301.083506,311.185434,354.239568,419.506842,452.886523,528.719645,462.052858,439.624285,446.100094,388.879096,398.607325,423.017164,433.160950,472.761833,514.777776,552.572554,562.079169,509.396423,470.577200,456.936112,448.477168,468.308977,491.897485,521.273574,583.749386,635.747259
35,459.051749,387.622068,348.563651,301.675321,243.332628,234.031665,261.775730,252.713212,309.390623,385.786130,416.219994,340.006905,284.115267,241.061423,202.280671,153.276759,195.397753,225.499784,292.529704,320.263202,364.268143,298.183923,215.775388,182.313481,106.329201,65.998349,116.027418,194.163312,240.414784,310.636621,358.685938,293.507089,196.846805,122.081652,63.296060,0.000000,93.061146,156.337845,242.866179,307.857308,344.935493,297.361330,222.479794,173.962243,89.690009,58.637020,96.968534,155.415629,229.291704,331.658827,394.884006,336.119803,235.357727,172.670705,145.235197,129.580872,162.594343,214.268650,296.601698,352.056966,402.633356,364.072114,292.769747,244.404041,227.604866,238.095295,251.831282,275.482616,352.901106,410.294557,424.178059,376.122835,326.872445,294.133332,273.823747,267.252035,299.489534,361.947533,391.413886,465.798447,470.022291,440.036044,436.236840,367.750068,365.508113,380.836562,381.437999,416.703068,456.399077,491.038564,562.693870,501.696582,453.607697,433.698320,413.399653,428.055033,442.277149,467.645735,524.882492,575.195428
