node_id,0,1,2,3,4,5,6,7,8,9,10,11,12,13,14,15,16,17,18,19,20,21,22,23,24,25,26,27,28,29,30,31,32,33,34,35,36,37,38,39,40,41,42,43,44,45,46,47,48,49,50,51,52,53,54,55,56,57,58,59,60,61,62,63,64,65,66,67,68,69,70,71,72,73,74,75,76,77,78,79
0,0.000000,66.920525,154.095808,206.244508,266.614328,336.986407,417.223993,509.896901,609.693311,65.894122,80.506863,169.376952,234.367887,287.617943,359.999201,459.132666,543.977964,596.440734,163.736577,150.334116,216.894050,250.073805,325.114755,394.113168,465.853380,538.970225,616.902594,210.810304,258.281169,292.361734,335.717964,389.271120,444.976606,505.027885,609.921339,651.766662,272.420217,294.130287,340.733978,375.146304,443.536669,456.311611,552.691441,593.554356,707.552164,387.194899,360.438336,421.230140,453.742559,504.643927,544.372227,573.466480,684.798463,716.134725,427.066907,448.744443,485.121660,517.308470,555.902511,605.358258,666.835299,718.228822,774.395951,535.277186,516.309852,529.715018,592.595342,620.470747,684.267162,722.508734,760.206020,819.666868,588.114093,586.922076,645.177801,663.774198,688.307921,758.490834,798.992847,834.952202
1,66.920525,0.000000,88.170667,139.637748,199.997670,270.120418,350.432483,442.976448,542.776274,115.927157,50.787563,111.711125,170.148458,222.136143,294.261046,392.793794,477.601302,530.063709,174.009738,138.609875,171.619218,197.255497,266.673801,333.368740,403.713596,474.192265,552.870932,218.900016,243.398792,257.251472,290.401893,335.748901,387.248254,445.718194,549.295383,590.143742,279.600830,286.553716,314.032170,338.743255,400.453791,404.975152,497.726632,536.429521,647.641336,390.669706,349.393441,398.809522,419.496477,465.165126,496.098982,522.563400,630.737347,660.192434,426.925240,436.074373,462.409088,486.100438,517.087280,565.099066,618.077346,668.898483,719.930651,532.277229,507.081228,512.736223,564.478490,585.467013,644.024213,678.688867,712.391385,770.107554,588.866425,578.096822,626.634940,637.310813,659.477961,721.618089,758.277954,789.516532
2,154.095808,88.170667,0.000000,52.920946,112.932381,186.768215,267.358407,357.704122,457.091781,202.185281,114.532665,89.285254,106.683579,148.720977,217.617370,312.286190,396.493255,448.776903,234.086392,184.180678,161.371194,165.968462,214.447973,272.087361,337.055911,399.048142,479.440889,272.630996,269.963762,253.432128,265.724798,291.759839,332.005793,385.507593,484.632058,522.744725,328.149378,318.517101,318.826278,326.881196,374.305165,363.054606,446.238784,479.793629,583.816723,430.225918,373.469234,405.441173,407.539685,443.168310,457.788399,478.758541,579.294823,604.705504,461.152960,454.562355,466.383187,476.811707,494.882777,539.504552,576.828917,625.995392,666.885188,560.377636,527.983799,523.294862,558.014641,568.028008,617.171017,645.378169,671.759294,725.836777,620.424376,597.986519,632.726736,631.964605,650.287419,699.218799,729.279198,752.320202
3,206.244508,139.637748,52.920946,0.000000,60.373579,134.255038,214.743371,304.786318,404.211880,250.820170,157.903121,99.716178,75.764272,103.274262,168.058753,260.363902,344.236792,396.421059,267.612265,213.338159,162.504776,152.270007,181.465836,230.936933,291.677883,349.004812,429.889853,301.353697,283.735242,250.183691,248.667484,261.167314,293.382153,343.229148,439.223185,475.816777,352.291844,333.437146,317.754283,315.376378,352.647524,331.966957,408.271506,438.656719,538.400346,446.882012,382.160795,402.948012,393.781615,422.659630,427.335925,444.856660,540.320280,563.443176,474.093853,458.177413,461.082104,463.376985,473.468363,515.548915,543.508802,591.418543,626.627986,568.268554,531.919637,521.070704,545.163470,548.562859,591.755539,616.056810,638.174365,689.999392,629.809768,600.491920,626.585253,619.017692,634.908677,675.774809,701.886270,720.227522
4,266.614328,199.997670,112.932381,60.373579,0.000000,78.842165,157.615342,245.239911,344.334981,310.211689,215.673331,143.794266,86.900717,76.049028,121.689770,205.341691,287.801830,339.555529,317.927364,261.789997,191.569142,167.322001,167.271611,199.624732,250.699478,297.964595,379.383099,347.571529,317.837484,269.008724,251.834637,245.530304,264.148102,306.789735,396.276789,429.963044,393.988149,367.344558,336.318756,322.428893,346.126090,313.164938,377.719916,402.774382,494.792983,480.586770,409.154700,417.924837,396.090039,416.076412,407.458799,419.828286,506.845347,526.331908,503.904119,478.750501,471.950130,464.802769,464.906977,503.170027,518.206908,563.951564,590.678571,592.031363,551.913517,534.546650,546.202189,541.513990,576.697018,595.634957,611.773781,660.141901,654.614847,618.301146,634.618746,619.209255,632.051852,662.599147,683.435646,695.399795
5,336.986407,270.120418,186.768215,134.255038,78.842165,0.000000,80.614465,173.510511,273.495065,373.868379,276.832181,190.931717,117.712670,67.088232,51.956794,126.723858,210.043656,262.174364,362.367271,305.296153,214.746818,177.067771,138.537496,142.358012,179.452323,219.424079,300.872218,384.482280,338.019128,271.539846,235.303130,204.938676,205.303601,238.666571,321.550607,353.283245,422.550748,385.248608,334.465729,306.131157,311.327426,264.629655,314.105384,333.671995,419.201914,495.096302,415.930045,408.113832,370.545904,378.817875,354.751598,361.217901,438.914463,455.215224,512.281973,474.793446,455.235459,436.189845,424.074445,457.146424,457.946889,501.123658,520.166650,590.310447,545.668517,519.901055,515.469766,501.082375,526.627982,539.605053,549.606886,594.467013,653.489491,608.046185,611.342035,586.359122,595.363813,613.728308,628.733446,634.213103
6,417.223993,350.432483,267.358407,214.743371,157.615342,80.614465,0.000000,96.148383,195.372501,452.219914,354.953173,265.907726,191.745495,136.669887,72.063308,50.666916,130.212547,181.974603,432.254626,375.694811,277.608529,234.997678,172.708255,138.734794,138.716177,148.820687,229.087391,449.755180,393.614201,317.079375,267.255559,214.259707,187.622426,199.593629,262.915743,288.375045,481.827227,437.866175,373.229529,333.197113,318.297956,257.154060,279.459829,287.696209,356.572969,542.750325,459.102670,436.940824,384.949577,379.484816,335.912348,333.070810,392.540390,402.353649,554.643259,507.179607,475.906805,444.829461,418.669602,444.068775,424.319670,462.499876,467.650998,622.517215,574.443660,541.060741,519.604769,494.043019,506.497668,510.810994,511.281740,549.823112,685.350659,631.916768,621.853090,586.648663,590.994922,593.732674,600.522125,596.356330
7,509.896901,442.976448,357.704122,304.786318,245.239911,173.510511,96.148383,0.000000,99.984562,547.221013,450.058294,361.883773,287.726401,232.787962,166.362091,77.322892,70.907929,108.530655,528.102213,471.665524,372.417278,328.929767,260.494014,210.427975,175.938199,126.952480,188.388832,544.524917,485.135502,404.959586,349.388211,285.365543,239.843113,225.770148,249.103577,259.267694,574.376841,527.697107,456.446046,410.098315,380.913881,311.148548,301.676619,293.147203,327.804338,629.165418,543.660958,512.525737,450.971742,433.901413,372.844503,359.366862,390.376869,389.280785,637.765594,584.142542,544.628963,504.248721,465.786296,482.329612,438.834327,468.717260,452.571545,698.034475,647.907074,609.024084,573.086354,537.130416,534.850741,528.507939,516.307042,544.668210,760.053124,700.862825,679.403544,635.053954,634.610515,620.070492,616.684999,599.839941
8,609.693311,542.776274,457.091781,404.211880,344.334981,273.495065,195.372501,99.984562,0.000000,647.151562,549.958604,461.257788,387.103172,331.911486,263.456882,165.862792,99.202373,79.346378,625.514112,569.464712,468.376243,424.038346,351.044974,292.317309,239.926435,158.090737,176.368020,639.931208,576.596781,493.282906,433.399334,362.604912,306.121211,273.578068,256.028259,247.700039,666.671580,617.028226,539.680494,488.270812,447.402170,373.587057,337.512947,314.029133,308.914029,714.154460,627.304772,587.694259,518.419905,491.300208,417.024933,394.571908,395.608880,383.094371,719.173795,659.737547,612.723642,564.316505,515.412077,523.044755,458.259035,478.418698,440.719524,771.053174,719.305929,675.415905,625.991288,580.837023,564.259730,547.525565,522.890103,539.691573,831.728875,767.142423,734.506675,681.802799,676.634683,645.199248,631.615950,602.205367
9,65.894122,115.927157,202.185281,250.820170,310.211689,373.868379,452.219914,547.221013,647.151562,0.000000,97.280375,189.532030,262.063690,317.392156,389.348677,490.230172,574.673724,626.835602,115.362533,124.353387,216.667205,257.150440,337.793049,409.513945,483.187394,562.795728,637.801880,160.146602,223.605267,275.695118,329.051252,392.258970,453.735690,515.872358,622.406356,666.160554,219.632443,251.517970,313.433221,356.803654,431.262668,454.698347,555.269750,599.384285,717.840588,334.263973,318.567032,387.735977,431.235584,487.039121,537.146037,569.578194,684.693195,718.925336,375.910055,406.414203,450.759702,490.603304,536.829352,587.376239,659.006863,710.798377,774.351142,484.845430,470.446426,489.785467,561.920147,596.485849,665.535968,707.779563,750.398805,811.922393,534.896159,540.102219,605.445124,630.878740,657.467325,735.416466,780.015186,821.562018
10,80.506863,50.787563,114.532665,157.903121,215.673331,276.832181,354.953173,450.058294,549.958604,97.280375,0.000000,93.827647,165.032154,220.248769,292.377820,393.142275,477.697047,529.936541,125.670959,87.849542,136.435403,170.228175,247.254697,317.628794,390.471579,467.473367,543.691825,169.299143,193.608436,214.964835,255.478547,309.169309,366.211396,427.031420,532.675108,575.338584,229.442835,235.977748,267.972465,297.540765,363.889592,375.853966,472.734659,514.264591,629.632111,339.963741,299.334430,351.502888,377.278745,426.146617,463.947695,492.966365,604.574629,636.334652,376.139790,386.436657,415.340255,442.472968,477.708260,526.711033,586.400863,637.763273,694.215603,481.615570,456.997335,464.119724,519.591429,543.918450,605.690237,642.907962,679.882721,739.198310,538.086692,528.019678,578.555260,591.842682,615.002699,681.244950,720.328255,755.032666
11,169.376952,111.711125,89.285254,99.716178,143.794266,190.931717,265.907726,361.883773,461.257788,189.532030,93.827647,0.000000,74.164308,129.431177,200.417161,301.451038,385.556045,437.575858,174.673820,118.122179,72.388738,86.593256,155.953669,224.831984,297.102021,373.722990,449.888425,204.036244,185.025277,164.568765,183.817835,224.127447,276.262599,335.755423,440.551727,482.584062,252.941979,234.522353,229.556008,240.307275,294.098558,293.746330,386.058302,425.278859,538.215327,347.710979,286.142838,316.190595,321.472316,361.205966,385.834741,411.287736,519.030368,548.727890,376.143306,365.812287,377.361561,390.234912,413.224388,459.688451,507.381199,557.945253,608.252255,473.019340,439.375979,434.010839,470.922292,484.510719,538.226486,570.332339,601.946852,659.008629,533.745694,509.135796,543.696794,544.750454,564.113754,618.170768,651.741129,680.055391
12,234.367887,170.148458,106.683579,75.764272,86.900717,117.712670,191.745495,287.726401,387.103172,262.063690,165.032154,74.164308,0.000000,55.446565,127.346365,228.166529,312.666418,364.908940,244.860469,187.766692,105.455675,81.607962,108.296350,166.461945,234.367588,304.605768,382.793175,268.931110,232.007739,183.044066,173.864675,187.004384,225.392066,279.945016,381.106178,420.880818,311.174176,281.250168,250.688457,242.094740,276.886301,258.204714,339.555519,373.564237,480.019767,394.200147,322.268381,333.790406,319.265441,346.916077,353.425592,372.843738,472.625582,498.411622,417.029892,392.874946,389.856855,388.771843,397.704794,439.957526,471.202054,519.953650,560.336459,505.589232,466.283039,451.289730,470.572979,472.837886,516.425526,541.841702,566.081942,619.489550,568.042615,533.420473,554.350176,544.303075,559.635110,600.174715,627.075351,647.315307
13,287.617943,222.136143,148.720977,103.274262,76.049028,67.088232,136.669887,232.787962,331.911486,317.392156,220.248769,129.431177,55.446565,0.000000,72.487687,172.904224,257.556178,309.888254,297.024357,240.115172,147.659945,110.961209,91.568094,128.443469,188.818061,252.298594,331.782837,317.760797,271.450889,208.578592,180.839710,169.486432,192.008299,240.034534,336.471146,374.058422,355.489184,319.133609,273.629495,252.204103,270.701376,237.532718,306.699575,335.625155,435.686899,429.893908,352.494480,351.266228,322.947349,340.471556,332.212137,346.170049,437.932833,460.314376,448.669209,415.494879,402.298434,391.014318,389.004939,427.128535,444.812012,491.560858,523.709177,530.389918,487.589450,465.986457,472.047381,465.702662,500.841940,520.734871,538.943495,589.074219,593.451722,552.026721,562.829151,544.670908,556.794337,586.620957,608.149266,621.987804
14,359.999201,294.261046,217.617370,168.058753,121.689770,51.956794,72.063308,166.362091,263.456882,389.348677,292.377820,200.417161,127.346365,72.487687,0.000000,101.036088,185.330209,237.564593,362.131405,306.007837,206.092345,163.038766,103.642022,91.503427,129.560776,181.434542,261.957311,378.241216,321.648319,246.445249,200.574501,158.915852,153.570181,187.582603,274.595783,308.941041,409.763924,366.249779,304.771831,269.227326,265.678733,214.709558,262.281189,283.083004,373.211065,472.200075,389.560159,372.708342,328.065264,331.585437,303.481199,309.298129,388.035874,405.627672,485.542369,441.619913,415.873657,391.789625,375.416414,406.976333,405.995360,449.322196,470.317601,557.292705,510.645875,480.966549,469.783025,452.253052,475.513238,487.760365,497.762721,543.115658,620.378843,570.618595,568.115099,539.645115,547.379629,562.725205,576.958650,582.319729
15,459.132666,392.793794,312.286190,260.363902,205.341691,126.723858,50.666916,77.322892,165.862792,490.230172,393.142275,301.451038,228.166529,172.904224,101.036088,0.000000,84.854373,137.311266,460.943029,405.433238,303.016824,258.401824,185.697162,133.108758,106.661405,98.391761,178.420968,474.215077,411.205588,329.279995,272.400647,208.259705,166.438491,163.767947,215.280693,238.596667,501.075526,452.592872,379.446219,332.789449,305.690180,238.013808,243.292255,245.373539,307.154853,552.625897,466.791468,435.332601,375.165017,361.384456,307.300282,299.269743,348.824724,355.921965,560.629507,506.887694,468.428763,430.335484,396.203760,416.801902,386.311780,421.747874,421.055824,620.930581,571.016715,533.062515,501.364358,469.571048,474.652095,474.446494,470.345195,505.957022,683.059984,624.785179,606.454822,565.469962,567.096182,561.272128,563.861457,555.201136
16,543.977964,477.601302,396.493255,344.236792,287.801830,210.043656,130.212547,70.907929,99.202373,574.673724,477.697047,385.556045,312.666418,257.556178,185.330209,84.854373,0.000000,52.464251,541.634017,486.910109,382.846989,337.644567,260.319417,196.804661,140.777125,64.131951,117.498193,552.214303,484.545570,399.230813,337.305560,264.602649,206.929214,176.744587,181.094227,188.555374,575.016021,523.075047,442.756019,389.983559,348.251552,274.618835,245.937044,230.225795,256.941568,617.506159,530.293160,488.751162,419.268254,393.407374,322.656500,303.809904,323.285507,319.821936,621.263083,560.785585,513.582456,466.060581,419.631890,430.566620,376.578954,403.294205,382.542549,671.876560,620.103883,576.422090,529.521210,487.357334,477.323148,466.521779,450.180423,475.947776,732.526533,668.205638,637.615160,587.439677,584.085147,560.885560,553.504214,532.863709
17,596.440734,530.063709,448.776903,396.421059,339.555529,262.174364,181.974603,108.530655,79.346378,626.835602,529.936541,437.575858,364.908940,309.888254,237.564593,137.311266,52.464251,0.000000,591.804516,537.540624,432.853728,387.514922,308.723372,242.259675,178.890327,87.935367,98.206540,600.984964,531.126273,444.557572,380.795871,305.447250,242.921717,202.012692,176.709037,170.779268,621.644864,568.079256,484.566008,429.244679,380.867608,306.118452,260.672056,235.030466,234.969741,659.245909,571.678668,525.162437,451.545099,419.687234,341.473533,317.064541,316.852698,306.156864,660.717171,596.939219,545.393367,493.261088,440.723870,445.949565,378.924095,399.428287,365.534084,705.819753,653.292567,606.745364,551.774781,504.182310,485.338315,468.181172,444.293242,463.133362,765.375972,697.973674,660.627672,605.561314,599.325395,565.930377,552.431552,524.360243
18,163.736577,174.009738,234.086392,267.612265,317.927364,362.367271,432.254626,528.102213,625.514112,115.362533,125.670959,174.673820,244.860469,297.024357,362.131405,460.943029,541.634017,591.804516,0.000000,57.094038,158.969738,204.351204,285.051098,356.283900,429.655381,517.587918,585.594556,47.114262,113.521901,183.431069,246.762270,320.290378,387.646421,450.734193,556.999976,602.819896,108.892637,136.321385,206.759245,258.004773,337.098361,373.428687,476.932635,524.631928,647.418555,223.477990,203.318098,275.163240,326.297958,385.853367,446.509977,482.419046,600.488431,638.032275,263.488400,291.059022,337.352940,381.482168,433.540349,484.543684,565.830359,617.510300,689.171620,371.984541,355.503608,374.597135,449.843043,488.551478,561.374461,606.951794,654.176707,717.431362,424.377532,425.496348,490.208609,517.512916,544.978002,627.412923,674.978279,721.269158
19,150.334116,138.609875,184.180678,213.338159,261.789997,305.296153,375.694811,471.665524,569.464712,124.353387,87.849542,118.122179,187.766692,240.115172,306.007837,405.433238,486.910109,537.540624,57.094038,0.000000,106.143068,151.242549,233.140988,305.163855,379.082324,465.193158,535.245651,88.647396,108.375208,151.442383,207.535721,275.964074,341.204012,404.249837,511.027759,556.187093,144.841793,148.375767,191.760616,232.500946,307.209039,334.419576,436.678453,482.682940,603.776015,252.728145,212.736424,270.925691,307.866392,362.784749,413.999028,447.512010,563.921339,599.587778,288.346808,300.532229,334.799166,369.090607,412.807483,463.231623,535.446237,587.263604,653.344488,393.824196,370.128683,380.111415,442.968351,473.898716,541.554072,583.432179,626.362624,688.213813,450.264359,441.115982,495.332719,513.699606,538.719135,612.626143,656.141479,697.211132
20,216.894050,171.619218,161.371194,162.504776,191.569142,214.746818,277.608529,372.417278,468.376243,216.667205,136.435403,72.388738,105.455675,147.659945,206.092345,303.016824,382.846989,432.853728,158.969738,106.143068,0.000000,45.397362,126.998846,199.055488,273.032250,359.212794,429.182004,172.164934,126.552581,92.180380,119.406307,175.685141,237.730052,300.383562,407.194998,451.781008,207.896426,175.851194,157.710576,169.335386,228.966080,240.140222,339.057711,382.722528,501.610930,289.017858,219.988207,244.194598,250.604394,293.698011,327.515060,356.843763,469.690963,502.833889,313.255633,296.112037,305.036229,318.847971,345.678947,393.488758,449.965687,501.335940,559.411172,405.776694,369.850821,362.218971,399.137893,415.184817,472.406192,507.627641,543.513191,602.773321,467.435856,438.965395,471.379907,472.862415,492.806565,550.433712,586.674656,619.177042
21,250.073805,197.255497,165.968462,152.270007,167.322001,177.067771,234.997678,328.929767,424.038346,257.150440,170.228175,86.593256,81.607962,110.961209,163.038766,258.401824,337.644567,387.514922,204.351204,151.242549,45.397362,0.000000,82.207005,154.489588,228.574664,313.957206,384.605117,215.905983,161.055284,101.694519,99.760489,139.290105,196.861585,258.736460,365.265621,409.231646,247.297149,208.245325,169.172692,163.353952,209.010980,207.744735,302.619000,344.163223,460.920848,319.043878,243.212170,252.297372,242.792414,277.351882,299.275215,325.331551,434.867068,466.132207,338.938831,311.503251,309.137183,312.352109,329.181023,374.596902,420.966464,471.678128,524.399000,424.756498,384.804776,369.995656,393.981388,402.059581,452.808824,483.928936,515.448807,572.857339,487.423133,451.813603,474.365755,467.945546,485.137823,533.835116,565.900434,593.466483
22,325.114755,266.673801,214.447973,181.465836,167.271611,138.537496,172.708255,260.494014,351.044974,337.793049,247.254697,155.953669,108.296350,91.568094,103.642022,185.697162,260.319417,308.723372,285.051098,233.140988,126.998846,82.207005,0.000000,72.300563,146.391909,232.536882,302.398395,292.261785,225.570147,144.784119,97.551048,79.925740,120.587454,179.931342,285.445533,328.527796,315.651023,267.214094,201.172771,167.743543,179.151195,150.501509,232.764831,269.797492,382.514152,370.163578,286.458998,270.398172,233.411501,248.909008,245.870089,264.548956,366.094403,393.897484,382.205121,338.462921,316.711577,300.580147,297.659529,336.769187,362.922005,411.685388,454.592490,454.163269,408.262904,381.366091,381.188940,374.243364,411.628341,434.608001,457.791117,511.389735,517.306240,469.747294,474.105120,453.491341,465.260285,496.704891,520.742019,539.187480
23,394.113168,333.368740,272.087361,230.936933,199.624732,142.358012,138.734794,210.427975,292.317309,409.513945,317.628794,224.831984,166.461945,128.443469,91.503427,133.108758,196.804661,242.259675,356.283900,305.163855,199.055488,154.489588,72.300563,0.000000,74.091350,162.144939,230.151245,360.949120,288.893823,202.557941,141.084632,76.194375,64.586309,113.503771,215.978360,257.778267,379.403197,326.339534,247.631989,199.689447,179.703101,123.443421,178.478505,207.963619,314.313722,421.872911,335.231600,302.469287,246.357730,242.667560,212.418335,220.830410,309.523765,332.878349,428.171678,373.875906,338.047646,306.341385,284.835284,315.498911,318.844565,364.330434,395.736376,488.208270,438.782677,403.092720,382.195056,361.438846,384.273942,398.258036,412.169369,460.991932,550.550725,494.347501,483.361284,450.685658,457.162403,471.403112,487.033665,495.954383
24,465.853380,403.713596,337.055911,291.677883,250.699478,179.452323,138.716177,175.938199,239.926435,483.187394,390.471579,297.102021,234.367588,188.818061,129.560776,106.661405,140.777125,178.890327,429.655381,379.082324,273.032250,228.574664,146.391909,74.091350,0.000000,93.080252,156.163834,432.568870,357.349462,269.159863,203.477550,126.725953,66.290799,61.303710,147.655798,186.525057,447.451086,391.558692,305.853804,250.522331,208.216074,136.002116,140.825334,154.368544,246.872212,480.428030,392.828035,348.106471,279.139174,258.080378,200.675518,194.625712,259.803945,276.082047,482.048157,420.119573,373.441761,329.080718,290.415009,310.142653,285.886025,325.489746,340.856218,531.129226,479.471964,436.829558,397.153809,363.117609,369.087996,372.094855,374.272103,416.128314,591.914518,528.733867,503.584332,459.775454,460.672098,456.064724,461.806386,459.328986
25,538.970225,474.192265,399.048142,349.004812,297.964595,219.424079,148.820687,126.952480,158.090737,562.795728,467.473367,373.722990,304.605768,252.298594,181.434542,98.391761,64.131951,87.935367,517.587918,465.193158,359.212794,313.957206,232.536882,162.144939,93.080252,0.000000,81.448545,523.090526,449.662714,361.851058,296.523573,219.627820,155.378579,115.632671,123.118880,140.838143,539.954773,484.554035,398.626396,342.167571,293.007395,218.324443,181.933420,167.097518,209.813374,572.986606,485.333509,437.317307,363.763087,333.597873,259.579701,239.754602,263.516382,264.346409,573.455618,509.051105,457.729982,406.886233,357.452490,366.894638,313.361083,341.874794,328.625138,617.929667,565.464324,519.435040,467.917995,424.017426,413.224464,403.266294,389.370147,418.503246,677.611896,610.857028,576.416301,524.493356,520.495363,496.981642,490.774709,472.906794
26,616.902594,552.870932,479.440889,429.889853,379.383099,300.872218,229.087391,188.388832,176.368020,637.801880,543.691825,449.888425,382.793175,331.782837,261.957311,178.420968,117.498193,98.206540,585.594556,535.245651,429.182004,384.605117,302.398395,230.151245,156.163834,81.448545,0.000000,587.041744,509.065853,420.132571,352.671166,273.765418,204.645909,147.059606,82.834201,73.091362,598.133101,539.568175,447.957633,387.394675,325.699391,252.474312,182.104729,146.204697,139.946950,619.197132,531.998470,473.996319,393.407138,351.617802,264.629732,233.991269,219.301353,208.093069,614.575388,543.933486,484.355731,425.027555,364.329068,362.343922,284.847074,302.298097,268.387394,646.818455,593.374254,542.062953,475.198009,421.401811,394.286394,373.090084,346.522577,365.115408,703.696450,631.317802,583.965473,523.234451,513.907326,472.319327,455.828073,426.187158
27,210.810304,218.900016,272.630996,301.353697,347.571529,384.482280,449.755180,544.524917,639.931208,160.146602,169.299143,204.036244,268.931110,317.760797,378.241216,474.215077,552.214303,600.984964,47.114262,88.647396,172.164934,215.905983,292.261785,360.949120,432.568870,523.090526,587.041744,0.000000,87.685768,171.508389,238.672759,315.960948,384.929268,447.371591,552.130937,598.580606,61.823239,96.019941,179.605282,236.899865,317.749414,362.164577,465.798380,515.012001,639.085859,176.384961,161.681443,238.917379,298.134086,360.193417,427.974438,465.772428,584.626866,623.883682,216.678159,248.076072,299.281974,348.510569,405.612600,456.588977,544.458824,595.729255,672.149723,325.364060,310.436554,332.507484,413.074195,456.067774,531.861586,579.854790,630.192085,694.343050,377.320667,379.959791,447.729469,478.801284,507.375078,594.295259,644.284197,694.099306
28,258.281169,243.398792,269.963762,283.735242,317.837484,338.019128,393.614201,485.135502,576.596781,223.605267,193.608436,185.025277,232.007739,271.450889,321.648319,411.205588,484.545570,531.126273,113.521901,108.375208,126.552581,161.055284,225.570147,288.893823,357.349462,449.662714,509.065853,87.685768,0.000000,88.977698,156.776377,235.552544,304.916701,366.231879,469.313537,516.015078,90.522867,49.768076,93.624466,149.219184,230.072738,276.555359,379.836497,429.592911,554.005335,163.341507,106.153338,164.343318,213.158966,273.861890,340.300347,378.247619,497.146596,536.703514,191.348069,192.831024,227.805241,268.195392,320.603817,371.639895,456.985690,508.348249,584.514425,291.564422,263.763451,271.736209,338.314882,375.096002,448.077272,494.456982,543.410793,607.308369,350.723877,334.757153,386.999213,407.622323,433.879555,514.003306,561.517728,608.792677
29,292.361734,257.251472,253.432128,250.183691,269.008724,271.539846,317.079375,404.959586,493.282906,275.695118,214.964835,164.568765,183.044066,208.578592,246.445249,329.279995,399.230813,444.557572,183.431069,151.442383,92.180380,101.694519,144.784119,202.557941,269.159863,361.851058,420.132571,171.508389,88.977698,0.000000,67.887342,146.576793,215.942506,277.415310,381.126052,427.727126,178.380808,123.866389,67.783221,82.785287,155.883748,191.128331,294.860677,343.672206,467.610553,225.765217,144.393559,152.980154,162.453611,212.651127,263.859099,299.078252,417.057867,454.829120,240.750244,209.843171,212.974453,228.955514,263.616352,313.391484,384.536883,436.350476,505.786660,323.189750,283.248785,271.187225,308.207492,328.972935,392.163929,432.423091,474.977326,537.079991,385.971006,350.790364,379.308817,381.654832,402.650407,466.375665,506.908462,545.986115
30,335.717964,290.401893,265.724798,248.667484,251.834637,235.303130,267.255559,349.388211,433.399334,329.051252,255.478547,183.817835,173.864675,180.839710,200.574501,272.400647,337.305560,380.795871,246.762270,207.535721,119.406307,99.760489,97.551048,141.084632,203.477550,296.523573,352.671166,238.672759,156.776377,67.887342,0.000000,78.912746,148.217689,209.528045,313.504272,360.032039,245.467193,188.127414,107.058772,71.413734,110.381661,127.127853,230.266040,277.942852,401.232737,280.806049,194.433419,172.923878,145.424236,177.732495,209.031157,240.527136,356.389443,392.337396,288.489701,241.059000,221.489634,214.907192,229.661010,275.883683,331.448823,383.037990,445.852109,356.747594,310.731957,285.456393,296.708486,302.306790,354.504446,388.345103,424.503785,484.445492,419.861503,372.797551,382.797184,370.460569,386.381941,434.513028,468.303255,499.772545
31,389.271120,335.748901,291.759839,261.167314,245.530304,204.938676,214.259707,285.365543,362.604912,392.258970,309.169309,224.127447,187.004384,169.486432,158.915852,208.259705,264.602649,305.447250,320.290378,275.964074,175.685141,139.290105,79.925740,76.194375,126.725953,219.627820,273.765418,315.960948,235.552544,146.576793,78.912746,0.000000,69.366776,131.411201,236.858394,282.983747,324.367687,266.386557,179.141739,125.757870,106.786573,71.308349,163.651238,207.236186,327.862239,353.802548,266.267777,227.196427,170.808373,173.966467,166.421215,187.788115,295.578007,327.402220,356.677370,298.950221,261.902330,232.963471,220.525507,257.642327,285.249668,334.972867,385.131436,412.680722,362.859382,326.985695,310.987180,297.526216,331.857647,354.947364,380.171822,435.580476,474.814419,418.168210,409.587329,381.448354,390.720579,417.255475,440.836662,460.598603
32,444.976606,387.248254,332.005793,293.382153,264.148102,205.303601,187.622426,239.843113,306.121211,453.735690,366.211396,276.262599,225.392066,192.008299,153.570181,166.438491,206.929214,242.921717,387.646421,341.204012,237.730052,196.861585,120.587454,64.586309,66.290799,155.378579,204.645909,384.929268,304.916701,215.942506,148.217689,69.366776,0.000000,63.124741,169.823991,215.234279,393.581360,334.995942,244.996396,186.999909,142.069362,71.586124,114.892221,149.215790,264.112080,418.503375,330.852220,282.504400,212.915301,194.948138,150.643857,156.400564,247.376580,273.538893,418.100374,354.436246,307.195212,264.429686,231.370546,257.012548,254.266878,299.877313,334.966941,464.954303,413.208794,370.734340,335.001840,306.431461,322.714211,334.353520,347.625794,397.071996,525.646260,462.655247,440.103705,400.072815,403.485222,410.070917,423.429845,431.368087
33,505.027885,445.718194,385.507593,343.229148,306.789735,238.666571,199.593629,225.770148,273.578068,515.872358,427.031420,335.755423,279.945016,240.034534,187.582603,163.767947,176.744587,202.012692,450.734193,404.249837,300.383562,258.736460,179.931342,113.503771,61.303710,115.632671,147.059606,447.371591,366.231879,277.415310,209.528045,131.411201,63.124741,0.000000,106.836872,152.111894,454.001488,394.159976,301.221949,240.343153,181.238754,106.698967,79.992378,96.006139,202.606539,472.151833,384.940178,328.602277,250.972769,217.997592,147.300223,135.529057,200.471117,220.314539,468.185227,399.417597,344.162861,291.394337,242.944176,256.601771,224.741327,264.265059,284.099878,505.574315,452.624784,404.883793,352.815691,312.010929,311.108767,311.534343,313.033340,355.854610,564.311922,495.989783,461.075619,411.235015,409.295525,397.550509,401.181758,398.072431
34,609.921339,549.295383,484.632058,439.223185,396.276789,321.550607,262.915743,249.103577,256.028259,622.406356,532.675108,440.551727,381.106178,336.471146,274.595783,215.280693,181.094227,176.709037,556.999976,511.027759,407.194998,365.265621,285.445533,215.978360,147.655798,123.118880,82.834201,552.130937,469.313537,381.126052,313.504272,236.858394,169.823991,106.836872,0.000000,46.818956,555.382203,493.969177,398.089486,335.169340,264.822292,197.094291,108.150912,64.897296,99.216418,563.463006,477.853922,412.233086,328.083923,279.882544,188.593158,154.387351,142.324938,141.421539,554.451916,479.766882,415.360134,351.973656,286.893199,281.234473,202.631212,223.544271,206.142430,577.617249,523.992928,470.063509,396.785404,340.379817,311.459339,291.552815,269.610313,295.592226,632.469586,557.510065,505.039386,442.093518,431.799208,390.015673,375.898835,351.813140
35,651.766662,590.143742,522.744725,475.816777,429.963044,353.283245,288.375045,259.267694,247.700039,666.160554,575.338584,482.584062,420.880818,374.058422,308.941041,238.596667,188.555374,170.779268,602.819896,556.187093,451.781008,409.231646,328.527796,257.778267,186.525057,140.838143,73.091362,598.580606,516.015078,427.727126,360.032039,282.983747,215.234279,152.111894,46.818956,0.000000,602.193082,540.782973,444.816058,381.819415,310.628613,243.772479,151.624316,103.515598,69.158462,609.535794,524.196294,457.436015,372.612062,322.166456,229.109235,191.954805,150.915025,135.476891,599.781656,524.218597,458.290075,393.121610,325.132880,314.440028,223.216872,234.285995,195.306467,620.077713,566.477292,511.379687,433.323790,373.313369,335.817001,308.571461,276.625084,292.373907,673.855525,597.507973,540.551178,474.256788,461.414246,409.456599,388.179269,354.619547
36,272.420217,279.600830,328.149378,352.291844,393.988149,422.550748,481.827227,574.376841,666.671580,219.632443,229.442835,252.941979,311.174176,355.489184,409.763924,501.075526,575.016021,621.644864,108.892637,144.841793,207.896426,247.297149,315.651023,379.403197,447.451086,539.954773,598.133101,61.823239,90.522867,178.380808,245.467193,324.367687,393.581360,454.001488,555.382203,602.193082,0.000000,64.072151,162.376728,225.267342,305.332479,359.986467,461.760158,512.352387,636.904178,114.961183,116.484748,201.426450,272.694890,337.085354,414.164164,454.057216,572.612333,613.903317,156.297760,196.727216,256.685987,313.881973,378.108824,428.307125,524.994995,575.198942,657.799860,265.259182,253.926303,281.847844,371.112541,420.686323,500.387673,551.639423,606.194626,671.226428,315.946321,322.165115,395.535149,432.996473,463.236584,556.796524,610.218057,665.029481
37,294.130287,286.553716,318.517101,333.437146,367.344558,385.248608,437.866175,527.697107,617.028226,251.517970,235.977748,234.522353,281.250168,319.133609,366.249779,452.592872,523.075047,568.079256,136.321385,148.375767,175.851194,208.245325,267.214094,326.339534,391.558692,484.554035,539.568175,96.019941,49.768076,123.866389,188.127414,266.386557,334.995942,394.159976,493.969177,540.782973,64.072151,0.000000,98.498682,161.716554,241.406196,297.694064,398.699756,449.475953,573.944729,113.574470,67.058757,143.591718,209.676826,273.736925,350.096440,390.043830,508.556088,549.925069,142.754394,155.191408,203.276425,254.674465,315.978066,366.534134,461.294578,511.683370,593.749701,245.801516,222.386427,238.286530,317.208607,362.142799,439.981357,490.012476,543.386131,608.259786,303.527563,293.227420,353.928586,382.824111,411.365806,499.707613,551.176714,603.811788
38,340.733978,314.032170,318.826278,317.754283,336.318756,334.465729,373.229529,456.446046,539.680494,313.433221,267.972465,229.556008,250.688457,273.629495,304.771831,379.446219,442.756019,484.566008,206.759245,191.760616,157.710576,169.172692,201.172771,247.631989,305.853804,398.626396,447.957633,179.605282,93.624466,67.783221,107.058772,179.141739,244.996396,301.221949,398.089486,444.816058,162.376728,98.498682,0.000000,63.541851,142.955815,201.072152,300.749424,351.694453,476.001373,174.793649,87.625609,86.676212,119.571895,180.611256,252.118302,291.735730,410.413304,451.536258,181.584500,142.471685,148.996025,177.405123,226.980787,278.016238,365.668393,416.663645,496.210012,256.788185,215.634743,204.515847,251.976518,283.098546,354.615294,400.872688,450.595724,514.831687,319.824426,283.009861,314.855391,323.883205,347.628413,422.064755,468.316200,515.202910
39,375.146304,338.743255,326.881196,315.376378,322.428893,306.131157,333.197113,410.098315,488.270812,356.803654,297.540765,240.307275,242.094740,252.204103,269.227326,332.789449,389.983559,429.244679,258.004773,232.500946,169.335386,163.353952,167.743543,199.689447,250.522331,342.167571,387.394675,236.899865,149.219184,82.785287,71.413734,125.757870,186.999909,240.343153,335.169340,381.819415,225.267342,161.716554,63.541851,0.000000,81.050762,138.079715,237.210111,288.154522,412.465576,232.018521,144.619279,103.765796,81.272446,130.322071,191.216110,229.831600,348.748459,389.209583,231.526420,174.374661,150.094894,150.002962,180.916961,230.939182,308.198372,359.749931,435.545165,289.372921,241.548450,214.088099,231.154926,246.750190,309.569146,351.047676,396.236800,459.436290,352.154818,302.005771,312.483566,305.124207,323.810298,383.704705,424.297715,465.021449
40,443.536669,400.453791,374.305165,352.647524,346.126090,311.327426,318.297956,380.913881,447.402170,431.262668,363.889592,294.098558,276.886301,270.701376,265.678733,305.690180,348.251552,380.867608,337.098361,307.209039,228.966080,209.010980,179.151195,179.703101,208.216074,293.007395,325.699391,317.749414,230.072738,155.883748,110.381661,106.786573,142.069362,181.238754,264.822292,310.628613,305.332479,241.406196,142.955815,81.050762,0.000000,74.854370,161.335027,212.480247,335.561692,299.038189,214.753078,148.408120,71.017844,70.198392,110.228283,148.916734,267.776814,308.594114,289.982669,218.387478,165.332562,126.670094,120.918623,165.639830,228.905038,280.678822,354.513525,324.968223,272.467585,228.666439,204.234893,196.153120,244.139220,279.020662,319.158645,381.228234,384.699722,320.589230,303.665926,275.209477,286.113522,324.928271,357.955835,391.560202
41,456.311611,404.975152,363.054606,331.966957,313.164938,264.629655,257.154060,311.148548,373.587057,454.698347,375.853966,293.746330,258.204714,237.532718,214.709558,238.013808,274.618835,306.118452,373.428687,334.419576,240.140222,207.744735,150.501509,123.443421,136.002116,218.324443,252.474312,362.164577,276.555359,191.128331,127.127853,71.308349,71.586124,106.698967,197.094291,243.772479,359.986467,297.694064,201.072152,138.079715,74.854370,0.000000,103.732387,153.037564,277.495092,367.871998,281.431432,221.944153,145.439138,123.405521,95.370509,117.588819,229.996199,265.227548,362.102317,292.732552,239.478734,193.168001,161.898157,192.523059,214.186250,264.304727,319.673095,399.787446,347.175219,301.829269,263.567425,238.163954,263.739547,284.149729,309.063125,365.266671,459.287559,393.587508,368.530316,329.515953,334.384515,350.192241,370.791744,389.290303
42,552.691441,497.726632,446.238784,408.271506,377.719916,314.105384,279.459829,301.676619,337.512947,555.269750,472.734659,386.058302,339.555519,306.699575,262.281189,243.292255,245.937044,260.672056,476.932635,436.678453,339.057711,302.619000,232.764831,178.478505,140.825334,181.933420,182.104729,465.798380,379.836497,294.860677,230.266040,163.651238,114.892221,79.992378,108.150912,151.624316,461.760158,398.699756,300.749424,237.210111,161.335027,103.732387,0.000000,51.177247,175.261807,460.063409,376.072671,306.340229,221.061702,171.784365,82.558386,57.950563,133.334017,163.785465,448.730491,372.612630,307.243218,244.251809,182.399408,185.532007,145.180888,187.044819,222.207669,469.466684,415.842252,362.154294,293.498292,243.522203,233.184066,231.543721,235.504016,282.521920,524.479106,450.230094,402.421866,344.916007,339.139597,318.839081,321.190545,320.207848
43,593.554356,536.429521,479.793629,438.656719,402.774382,333.671995,287.696209,293.147203,314.029133,599.384285,514.264591,425.278859,373.564237,335.625155,283.083004,245.373539,230.225795,235.030466,524.631928,482.682940,382.722528,344.163223,269.797492,207.963619,154.368544,167.097518,146.204697,515.012001,429.592911,343.672206,277.942852,207.236186,149.215790,96.006139,64.897296,103.515598,512.352387,449.475953,351.694453,288.154522,212.480247,153.037564,51.177247,0.000000,124.572929,511.051902,427.229441,356.785631,271.001103,218.812832,125.611096,89.670331,105.514189,124.928791,499.128549,422.198311,355.083330,289.613800,222.611202,216.476648,146.356615,176.723738,188.155752,516.655881,463.071167,407.870779,332.080222,275.610099,250.310448,236.298224,225.126541,262.419972,570.349424,494.284060,440.209149,377.379034,367.706136,331.649073,323.703559,309.860742
44,707.552164,647.641336,583.816723,538.400346,494.792983,419.201914,356.572969,327.804338,308.914029,717.840588,629.632111,538.215327,480.019767,435.686899,373.211065,307.154853,256.941568,234.969741,647.418555,603.776015,501.610930,460.920848,382.514152,314.313722,246.872212,209.813374,139.946950,639.085859,554.005335,467.610553,401.232737,327.862239,264.112080,202.606539,99.216418,69.158462,636.904178,573.944729,476.001373,412.465576,335.561692,277.495092,175.261807,124.572929,0.000000,632.610502,550.051089,476.620766,389.977485,332.700926,238.510709,197.183262,114.008330,81.916431,618.307553,539.172265,468.196531,398.536216,324.675833,303.443980,195.473436,191.942047,132.159069,626.682268,573.625435,515.434720,426.270640,359.969894,308.423063,271.219583,227.782146,232.827706,676.633662,596.888004,529.629409,457.375121,439.996794,372.864539,342.654339,299.407951
