node_id,0,1,2,3,4,5,6,7,8,9,10,11,12,13,14,15,16,17,18,19,20,21,22,23,24,25,26,27,28,29,30,31,32,33,34,35,36,37,38,39,40,41,42,43,44,45,46,47,48,49,50,51,52,53,54,55,56,57,58,59,60,61,62,63,64,65,66,67,68,69,70,71,72,73,74,75,76,77,78,79,80,81,82,83,84,85,86,87,88,89,90,91,92,93,94,95,96,97,98,99
0,0.000000,50.790673,126.136280,200.751406,253.135400,361.231893,404.825249,508.737517,579.759702,668.890085,68.429639,104.045214,152.164440,245.095216,272.070744,346.370654,422.502520,517.546003,614.733805,683.888797,170.973046,147.624049,206.459039,272.568455,314.362697,394.467452,483.793414,535.272303,615.183931,705.090564,226.867063,244.481517,278.407156,297.767271,348.972379,442.318312,498.860770,559.334451,617.904796,711.594488,269.572680,314.651749,356.273786,361.039345,428.829309,474.496373,521.089046,606.094371,700.313806,765.850646,350.785124,372.232290,394.649033,423.380017,477.519327,550.941430,578.150330,656.389629,734.558396,781.101503,427.924475,462.608424,481.378088,518.237184,551.773433,594.025202,630.611151,712.182590,752.987399,824.166836,520.315675,516.639305,536.799503,558.975203,610.673852,663.289557,704.035289,757.482051,793.275535,864.792982,570.166131,625.851280,610.082091,643.549621,696.964240,715.290601,774.525240,806.790992,881.359946,938.958131,647.463368,697.974234,673.407097,716.913185,778.320475,800.202457,806.145427,855.171267,944.313556,1013.094494
1,50.790673,0.000000,89.058872,160.496571,208.102162,316.568341,360.645798,463.713804,535.017541,625.077397,110.867254,111.108066,139.384822,216.059692,235.445644,307.615853,384.012810,478.660227,574.390778,641.517136,204.436951,151.872902,192.387438,249.447500,289.393339,365.500978,450.192032,500.485886,577.060099,667.775654,253.255992,254.130389,283.076451,283.832308,329.771585,419.870413,468.851153,527.328991,585.341792,677.232904,293.005056,328.677234,358.053709,353.430352,418.318658,453.494027,497.585395,579.657519,671.291166,734.932822,378.591226,390.538659,403.513512,419.811823,465.816105,536.944811,560.894530,633.180091,709.014463,752.539522,453.546598,479.988350,491.279321,522.486028,544.886909,586.133169,614.918833,694.513202,731.562275,800.950975,543.713056,533.772785,548.432951,562.838836,607.655481,655.199711,692.411250,743.954343,775.384922,842.584090,591.039360,640.966060,622.863424,647.279171,698.368526,710.098476,767.316895,794.781485,865.039865,920.009199,669.693153,715.348791,685.750442,722.435512,779.667073,796.859889,800.414922,845.073462,931.585145,997.380087
2,126.136280,89.058872,0.000000,74.748367,130.581623,237.000358,279.964470,384.351412,454.990494,543.402696,155.351323,98.849972,79.403199,128.168363,147.014804,220.499395,296.786409,391.754667,488.647649,557.870376,213.487722,118.364843,120.864054,164.828943,202.894934,276.904117,361.230273,411.761212,489.715573,580.031506,242.648056,213.186296,231.770321,207.117024,246.910882,333.911836,379.932112,438.271661,496.312137,588.471890,273.416538,289.923891,298.796389,281.963612,342.321609,368.244676,410.751280,491.473232,582.429629,645.881488,362.871831,356.417605,353.286767,351.750959,388.022698,456.462999,477.689787,546.189343,620.997676,663.727620,430.898982,441.547912,440.438116,462.849715,471.243198,511.081928,532.656514,610.563645,645.291785,713.746323,514.682459,493.760042,499.215464,502.100264,537.769988,579.490532,613.189564,662.938460,691.106550,755.791313,556.550058,595.945722,574.354814,585.421250,633.083730,637.076875,691.932977,714.866979,781.646022,834.854571,636.549176,673.209872,635.841414,662.329885,713.773824,725.403731,726.393404,766.677200,850.746709,914.200322
3,200.751406,160.496571,74.748367,0.000000,61.396380,163.315152,205.685077,310.234200,380.613065,468.714509,226.651845,158.211992,110.589890,79.795641,76.984387,147.128983,223.521154,318.189833,414.403457,483.154610,268.605491,160.256841,119.539719,124.644374,152.989322,215.335111,292.210387,341.305021,416.564835,507.340165,284.201509,233.178356,239.231013,180.981756,204.797704,281.006803,314.974763,370.496488,427.684256,517.960935,306.512054,305.734376,291.957527,259.250946,309.626103,316.556140,354.212843,429.832506,517.120015,578.373019,394.584264,373.121707,354.173678,330.834440,350.958659,413.317755,429.027911,488.134278,559.435726,598.563728,454.919465,451.296910,437.646508,449.474695,439.060644,476.113579,485.261032,559.229600,588.629506,654.403653,531.240965,500.675049,496.709180,486.543390,509.855288,542.639871,570.436223,616.758783,638.655545,697.424723,567.393396,595.980595,571.159139,567.096427,609.919640,603.570179,654.525402,670.232364,730.537779,780.047558,647.353470,675.032587,630.254658,645.097915,689.013123,693.294358,690.703619,724.193367,803.907399,863.041740
4,253.135400,208.102162,130.581623,61.396380,0.000000,108.466648,152.600583,255.765233,326.979675,417.015828,285.494704,219.450150,170.997718,109.586148,72.200416,113.987315,186.401048,277.645671,369.692319,434.191751,329.894729,220.854275,171.271020,151.775204,165.719450,205.794309,265.122420,309.753777,376.443631,468.019743,343.470458,286.925509,287.671910,212.905962,220.859217,280.378506,295.271017,344.249661,398.851039,484.193342,363.375315,356.240163,331.067497,288.887996,329.090829,316.084575,346.367089,413.101906,493.397958,550.256289,450.221726,422.969509,396.273508,359.219837,365.099553,419.872135,429.252249,475.703176,541.211552,574.383827,507.145151,496.793778,476.157678,480.815961,455.658967,489.540522,485.951557,554.442638,576.926555,638.558726,579.491028,544.127831,534.639481,515.774904,529.033768,553.358002,574.978859,617.201865,631.768020,682.611882,612.439915,634.550275,607.900493,593.288940,631.883193,616.717965,663.547003,671.855960,724.550594,769.324749,691.870332,714.157838,664.944833,671.391348,708.996875,706.913579,701.055937,727.642980,802.267121,856.260791
5,361.231893,316.568341,237.000358,163.315152,108.466648,0.000000,44.426906,147.516396,218.577425,308.605860,389.862350,318.195060,262.261272,168.400964,115.882991,69.526298,101.962082,179.606890,265.233247,326.577822,422.211080,310.852797,244.509694,192.526189,180.530122,171.076073,189.076835,223.292954,276.480887,367.761407,424.930543,355.113649,344.482541,247.930263,228.099039,249.464477,229.236659,264.261050,312.924619,389.988590,436.673591,413.930144,366.750643,310.503907,328.836168,281.688224,296.665159,345.016572,412.337023,462.213805,517.954201,476.756641,434.344597,372.901440,352.551737,390.574409,388.524893,412.182306,467.105235,491.228646,564.559956,538.582525,503.794452,494.073378,442.467620,469.253989,443.643484,500.918747,511.917174,566.217939,625.715682,580.211418,559.291506,523.743698,517.726364,526.116481,536.441916,570.762363,573.176442,611.150943,650.620808,658.194909,628.297196,593.197427,622.901071,592.081786,630.653680,626.274633,665.860351,702.832758,727.520645,737.582141,679.973388,669.735934,694.784142,681.243863,669.756053,684.139684,749.422536,794.802088
6,404.825249,360.645798,279.964470,205.685077,152.600583,44.426906,0.000000,104.608863,175.034652,264.431957,431.562352,358.082122,300.340845,201.102376,150.535908,86.343768,79.060309,140.241609,221.732940,282.152726,459.156045,347.908535,277.670875,218.353699,198.625891,169.233400,163.040764,189.742567,234.936145,325.704599,457.907790,384.247233,369.843812,268.712223,239.729448,243.579357,206.841637,233.211589,277.953880,350.463094,466.581708,438.423488,383.960791,323.926814,333.006316,272.736046,279.975186,318.293363,378.639363,425.048082,545.064672,498.996096,451.195202,381.482928,350.898868,380.775414,373.692911,386.576195,436.109941,456.053351,587.350280,555.550601,515.613773,500.292399,438.602732,461.953885,427.168405,478.780037,484.607650,535.335308,643.673223,594.542700,569.293066,527.435854,513.547218,515.105721,520.472827,551.065290,548.206429,580.412246,665.213749,666.916484,635.948906,592.832115,618.590978,581.499735,616.258037,606.520039,640.283189,673.790669,740.603619,745.678186,685.050338,668.071449,687.746579,669.521645,655.749064,664.893775,725.908173,767.516765
7,508.737517,463.713804,384.351412,310.234200,255.765233,147.516396,104.608863,0.000000,71.447584,163.145070,536.152045,462.153618,403.564466,301.444678,252.982053,182.051757,131.017042,107.458380,142.267536,185.909606,561.136348,450.292629,377.363184,312.270735,285.051515,231.185000,174.681941,170.237166,169.603594,251.556025,556.132339,478.747322,459.970378,355.337627,315.416639,289.577039,219.824287,215.749814,240.872548,288.922338,561.296678,526.501509,462.565512,398.477692,391.911861,309.913394,298.884238,306.549323,339.961121,371.174142,635.689831,583.207590,527.924691,446.287424,398.073763,409.374060,390.845581,374.099832,404.509825,409.013097,671.531385,630.955597,582.927902,557.816888,477.821112,493.007571,437.813915,472.548350,463.141963,501.186870,719.782513,665.069736,632.536132,579.589289,549.948191,536.133433,529.289614,549.416515,531.957212,545.749030,735.432494,726.511043,693.912203,635.591508,652.504510,601.938065,626.779614,603.467695,620.339142,642.872668,807.473977,803.249385,737.424315,706.884267,714.464642,685.599320,666.501607,662.101005,710.519714,740.670475
8,579.759702,535.017541,454.990494,380.613065,326.979675,218.577425,175.034652,71.447584,0.000000,92.378275,605.839141,530.667178,471.107613,367.043866,320.514380,247.211364,185.420267,123.354005,99.145413,118.958814,626.989590,516.831013,441.910518,373.587769,342.607309,278.453645,201.417043,177.297236,137.106328,202.278203,618.611776,538.744924,517.034231,411.502009,366.115494,324.494306,240.891177,216.849399,224.056130,248.414196,620.964751,581.554040,511.955916,446.411075,430.390902,338.451539,316.726141,303.242751,314.908780,333.238775,691.875585,635.089396,575.229457,487.136168,429.087536,428.168823,402.836750,366.584955,382.032604,375.008390,722.778822,676.312828,623.277024,591.988580,501.536145,511.000116,443.766400,465.900968,446.087899,474.159160,764.951194,706.761625,669.574471,609.873538,570.272518,546.471531,531.528608,544.064100,516.869035,517.454419,776.346549,760.135059,726.723163,658.794811,669.516158,610.626651,628.328308,596.123368,601.059541,615.661678,845.541702,834.851449,765.996068,726.533240,725.808925,690.070846,667.608892,654.012004,693.148839,715.105978
9,668.890085,625.077397,543.402696,468.714509,417.015828,308.605860,264.431957,163.145070,92.378275,0.000000,692.081262,615.102697,554.310790,448.372049,404.777319,329.784363,260.596768,176.883727,92.268517,38.470930,706.982393,598.331970,521.168831,449.592561,414.827149,341.743688,250.176472,209.424007,129.087393,148.421774,693.825451,611.194319,585.927000,480.761205,430.020231,372.271140,279.359609,235.465877,218.500744,204.090128,692.333133,647.196198,571.349856,505.211512,478.350851,378.301685,345.395190,306.914186,288.161474,286.480321,758.087153,696.118863,631.117212,536.556546,468.195210,452.504286,419.802118,360.481102,354.877584,331.910609,782.221581,728.529731,669.758198,631.183209,529.640656,531.727289,451.474891,456.527939,423.599813,437.182992,816.093954,753.951336,711.249285,643.887423,592.510894,556.618161,531.689105,534.048211,494.754696,477.584146,821.856145,796.388804,762.304822,683.052965,685.713579,617.238126,625.401026,582.292711,571.426413,575.242125,886.760108,867.760632,795.690332,745.267005,733.892162,689.838397,663.400073,638.093842,664.463999,675.392427
10,68.429639,110.867254,155.351323,226.651845,285.494704,389.862350,431.562352,536.152045,605.839141,692.081262,0.000000,82.226384,144.422508,250.112622,287.770890,363.273818,437.214337,531.580981,630.684519,703.666564,104.716229,117.710839,193.229410,267.215636,309.787845,393.493672,488.681005,541.505124,626.718281,714.366946,164.455881,198.178095,236.324836,278.288178,334.787578,430.392831,497.531927,560.481660,619.366615,715.403514,208.650710,261.325128,315.042160,331.000165,400.862068,459.879503,509.376962,597.763824,695.201058,763.375076,285.859384,314.018170,344.961750,386.937383,450.204684,525.576326,556.829439,642.711054,723.750118,774.688813,363.879791,404.298360,429.570863,471.726318,517.438184,560.465809,606.637199,690.196760,735.966289,809.308318,457.271460,458.163641,482.905526,512.485191,571.230817,629.369192,674.176373,729.692514,771.054393,848.248020,508.626609,568.451971,554.721997,596.570316,652.075559,677.580087,738.825571,776.778675,856.554974,917.460217,584.775363,638.540988,618.130609,667.732695,733.078258,759.923992,768.552841,822.540638,914.574079,986.950924
11,104.045214,111.108066,98.849972,158.211992,219.450150,318.195060,358.082122,462.153618,530.667178,615.102697,82.226384,0.000000,62.611135,169.366622,210.430726,285.364777,357.851769,451.589616,551.015965,625.187917,114.639180,43.609488,111.435849,184.991337,227.569344,311.283735,406.824724,459.756822,545.830281,632.907734,148.788767,143.673622,175.222563,199.046527,254.031577,349.341404,415.307107,478.280526,537.162502,633.286580,184.971211,217.592802,252.532232,258.041044,326.673999,379.605704,428.418850,516.226892,613.278520,681.247840,272.912057,279.695623,293.775117,319.396195,375.716262,450.070346,479.295524,562.442503,642.814014,692.968236,345.539733,368.935881,381.281387,415.383014,448.151478,490.583996,530.492440,613.152127,656.881082,729.546011,434.148739,422.686329,437.956324,456.030327,506.628659,559.829061,601.660063,655.874792,694.200168,769.080946,480.501396,529.924563,512.162639,540.626790,593.432773,611.330176,670.813071,704.444360,781.092730,840.368789,559.474955,604.248681,575.180273,614.708486,674.809532,696.157749,702.215605,752.107674,842.133707,912.312511
12,152.164440,139.384822,79.403199,110.589890,170.997718,262.261272,300.340845,403.564466,471.107613,554.310790,144.422508,62.611135,0.000000,107.061745,150.670333,224.608842,295.986481,389.349208,488.871770,563.570432,160.353024,49.873841,54.397844,123.604249,166.184290,249.336738,344.301660,397.191938,483.278259,570.298583,174.016641,134.151748,152.837447,146.146594,196.981291,291.086840,353.631720,416.240306,475.129513,571.008737,199.304644,210.717480,222.617373,214.045751,279.421446,322.675496,370.097840,456.629131,552.736057,620.076503,288.527040,277.481422,274.650290,280.951956,327.398332,399.751884,426.091056,505.010541,584.187701,632.849721,353.783267,362.161758,362.133480,387.387112,405.509533,446.843748,478.903849,560.112531,601.025271,672.631103,436.006467,414.362574,420.696005,427.214170,468.632278,515.961934,554.164096,606.643338,641.196351,712.949111,477.266960,516.919438,495.806529,511.206668,560.809916,570.731027,628.002074,656.750906,729.591687,786.808217,557.302168,593.966360,557.625850,587.387844,641.943965,657.661237,661.030125,706.359931,793.941310,861.527236
13,245.095216,216.059692,128.168363,79.795641,109.586148,168.400964,201.102376,301.444678,367.043866,448.372049,250.112622,169.366622,107.061745,0.000000,52.821891,119.857459,189.098042,282.291345,381.811906,456.774631,259.979143,150.043777,76.590640,45.169885,75.753241,149.780622,239.798160,292.135561,376.638226,464.398122,257.035475,187.562327,181.693189,104.423995,125.321739,206.521741,253.887703,314.336968,373.012088,467.502197,268.495073,251.236591,221.489776,181.980427,229.906470,241.389504,282.703636,363.601419,455.853082,520.797670,351.314244,316.819514,286.802689,253.288600,271.264004,334.766001,352.516907,418.060913,493.009216,536.930659,402.789960,387.945801,366.717089,373.591169,359.275614,396.374340,408.291035,484.287281,517.379283,585.580591,471.693774,434.730329,425.323373,409.687065,430.282924,463.088232,492.004322,539.472797,564.441897,627.683466,503.323250,525.179661,498.878256,489.149405,530.862584,523.805325,575.105957,592.453355,655.611426,707.465462,582.582062,604.733540,556.559697,567.256252,609.645301,613.504738,611.107342,645.818342,727.019581,788.215738
14,272.070744,235.445644,147.014804,76.984387,72.200416,115.882991,150.535908,252.982053,320.514380,404.777319,287.770890,210.430726,150.670333,52.821891,0.000000,75.537183,150.724006,245.763801,343.888316,415.915467,308.649480,197.487869,128.627048,85.407975,93.636678,140.607237,215.411128,265.091558,343.117593,433.131757,309.078651,240.333819,233.029054,146.261179,148.792335,211.238776,238.265101,293.539990,350.864668,441.842710,321.304892,302.720570,266.499958,219.603252,257.060393,247.065100,281.017905,353.881153,440.215371,501.426911,403.962362,367.556598,333.187927,288.926205,292.959946,348.954335,360.337407,413.512893,483.322606,521.656051,454.205922,435.830871,409.903268,411.037269,383.465397,417.546089,416.980781,487.971780,514.409832,578.946017,520.855700,481.058761,467.760348,445.202841,456.852590,481.769394,504.845585,548.520146,566.481918,622.293710,550.422708,567.708456,540.122370,521.849160,559.828109,544.827992,592.361090,602.791684,658.883246,706.374179,629.095575,647.446287,596.052015,599.898657,636.813973,635.007864,629.632898,657.999187,734.604447,791.108341
15,346.370654,307.615853,220.499395,147.128983,113.987315,69.526298,86.343768,182.051757,247.211364,329.784363,363.273818,285.364777,224.608842,119.857459,75.537183,0.000000,76.399017,171.258836,268.643198,340.394220,379.835875,269.653885,195.350922,132.299178,113.337425,105.919522,151.135221,196.669198,269.449989,360.236903,374.293508,298.670806,283.513704,182.783073,158.796315,184.968858,182.767640,230.265464,285.206705,372.445636,381.160451,352.092384,299.623704,241.783976,259.578546,218.843722,240.637167,300.908032,379.430830,436.623302,458.833548,412.977201,367.127179,303.416767,284.838594,327.127268,329.195870,365.163866,428.077717,460.396519,501.259565,471.512554,434.867177,424.550334,375.342554,403.773424,385.338823,448.292349,466.248768,525.958466,559.202360,512.066387,490.041849,454.381616,450.535032,462.766900,477.034993,514.859556,523.643380,570.288319,582.607200,588.806561,558.814357,524.563026,555.571898,528.206979,569.486052,570.151943,616.610106,658.556954,659.035575,668.146850,610.467383,601.402376,628.603156,617.908274,608.153066,627.247918,697.117640,747.425951
16,422.502520,384.012810,296.786409,223.521154,186.401048,101.962082,79.060309,131.017042,185.420267,260.596768,437.214337,357.851769,295.986481,189.098042,150.724006,76.399017,0.000000,95.062428,193.491439,267.684743,446.452511,338.449048,260.639412,189.381183,157.187078,101.417861,87.144994,124.400203,193.051001,283.910448,434.295319,353.470843,331.779205,226.373596,184.407792,168.750854,128.752353,163.034825,214.249602,297.798797,435.592681,397.045414,331.551112,267.564977,265.175761,195.682764,200.915044,243.192657,312.000422,365.178734,506.976915,452.581032,396.983507,317.605111,277.631008,302.811462,294.676132,310.681260,365.420289,391.828815,540.807346,500.223053,453.883436,432.526031,363.215928,384.725469,348.123318,401.043460,410.083234,464.448110,589.025242,535.291333,505.004733,457.132250,437.691229,436.563965,441.421393,472.554274,471.995132,509.336350,605.822428,600.696434,568.783133,519.076395,542.405369,502.999982,537.212852,528.048483,564.506242,600.872136,678.939271,678.509617,615.254957,593.272169,610.242873,590.742223,576.718136,586.316272,648.937808,693.036761
17,517.546003,478.660227,391.754667,318.189833,277.645671,179.606890,140.241609,107.458380,123.354005,176.883727,531.580981,451.589616,389.349208,282.291345,245.763801,171.258836,95.062428,0.000000,99.671609,177.340367,536.179288,430.178935,351.043803,277.122436,240.073471,164.866528,78.243929,62.814029,98.861310,190.381487,519.214569,435.489532,409.281823,304.402454,253.145542,201.918679,118.268837,108.639486,141.348782,210.497428,516.097951,470.326061,395.512627,329.421077,308.264861,215.109375,195.859353,199.491646,242.636847,285.145226,581.214680,519.989526,456.737209,365.611107,305.735284,307.399954,285.584172,267.507456,304.012977,317.659360,606.651869,556.211241,501.164456,468.711870,379.253726,390.813878,331.009645,365.482190,359.133276,402.460301,644.525702,584.946967,546.593476,486.586970,449.232778,430.680837,422.054378,442.101778,426.797778,447.467372,654.172045,636.789850,603.369166,536.891628,550.075591,496.082378,519.541873,496.315191,516.455922,543.138314,722.616448,711.539370,642.966285,605.982405,609.620943,578.833406,559.240794,554.989919,605.605759,639.472280
18,614.733805,574.390778,488.647649,414.403457,369.692319,265.233247,221.732940,142.267536,99.145413,92.268517,630.684519,551.015965,488.871770,381.811906,343.888316,268.643198,193.491439,99.671609,0.000000,80.705896,635.582804,529.847478,450.642887,376.452376,338.628432,260.292068,163.698466,118.651764,41.002978,109.288867,617.265975,532.717188,504.852352,401.014846,347.240018,282.850881,188.609397,143.300294,132.565660,150.170451,612.425102,563.554726,484.801510,418.830867,388.210412,286.943534,253.131376,218.581708,216.980552,234.631188,674.281100,609.751437,542.814166,446.545067,376.406249,360.524315,328.738137,276.724095,284.414930,275.924177,694.857136,638.731065,578.702694,539.167184,437.478938,440.332758,362.823792,375.040716,349.999754,375.276149,725.843980,662.902241,619.407149,551.621981,500.996511,467.618425,446.079323,453.231604,421.172749,418.403471,730.431868,704.141399,670.047865,591.378095,595.444956,529.499518,541.405671,503.752678,503.571485,516.642455,794.762247,775.518686,703.576189,654.547738,645.915462,604.837681,580.083270,560.932870,596.037508,616.197481
19,683.888797,641.517136,557.870376,483.154610,434.191751,326.577822,282.152726,185.909606,118.958814,38.470930,703.666564,625.187917,563.570432,456.774631,415.915467,340.394220,267.684743,177.340367,80.705896,0.000000,713.035359,605.983774,527.508820,454.208490,417.405206,340.409357,244.397725,198.507635,109.155452,111.358829,696.487703,612.419879,585.127969,480.926345,427.711705,362.925204,268.106730,217.870539,192.823775,167.874404,692.513949,644.201932,565.443838,499.501279,467.722119,365.412281,328.559636,281.844847,254.620902,249.124614,754.952478,690.391003,623.091347,526.081297,453.837244,432.522035,397.530204,331.526140,320.587904,294.849420,775.330311,718.271720,657.137006,615.641186,510.381608,509.765330,425.785783,425.803958,389.880948,400.647828,805.011607,741.281649,696.356132,626.189121,570.696309,530.950993,503.140522,502.728449,460.772524,440.524172,808.204546,778.947003,744.714026,661.509883,661.387664,590.167288,595.561461,549.843441,535.745825,537.946502,871.076889,848.791972,775.716084,721.568657,706.832152,660.514641,633.086254,604.991059,628.765174,638.068767
20,170.973046,204.436951,213.487722,268.605491,329.894729,422.211080,459.156045,561.136348,626.989590,706.982393,104.716229,114.639180,160.353024,259.979143,308.649480,379.835875,446.452511,536.179288,635.582804,713.035359,0.000000,111.374237,185.817244,259.136626,298.195985,381.156188,480.791598,533.850531,624.906494,707.307386,64.068285,128.660067,169.586261,246.216305,305.867476,399.125594,479.789714,544.475727,602.300426,699.954245,108.810565,171.856014,243.042656,276.606759,345.831949,423.139884,475.289890,566.311804,666.568974,737.593324,181.232188,215.497802,257.973156,319.113076,394.168946,470.184470,506.735830,602.186441,686.070636,742.814016,259.495868,304.627259,337.677769,386.415708,448.821604,492.093742,551.469563,636.497500,688.878242,764.429745,353.275694,357.957241,387.706846,426.564168,494.225701,559.321588,609.292561,667.042963,715.905146,800.455956,405.523620,468.822648,457.305365,509.015542,566.727291,601.609778,664.984395,710.454379,796.799618,861.865217,480.843303,536.837708,520.494630,576.847635,646.658727,679.731740,691.872126,752.156713,847.449549,924.296482
21,147.624049,151.872902,118.364843,160.256841,220.854275,310.852797,347.908535,450.292629,516.831013,598.331970,117.710839,43.609488,49.873841,150.043777,197.487869,269.653885,338.449048,430.178935,529.847478,605.983774,111.374237,0.000000,80.264136,156.031885,197.733486,282.075802,379.995616,433.213274,521.850664,606.990300,125.804602,102.529473,132.014587,160.674597,217.871811,313.591242,384.689071,448.588548,507.286730,604.241747,155.065954,178.281487,208.978812,215.611897,284.799233,342.456330,392.388971,481.444789,579.715766,648.772459,244.508630,242.551094,251.666515,275.965670,334.016212,408.893013,439.348905,525.210804,606.624820,658.607100,313.431271,330.505102,339.409379,372.151320,405.047356,447.611112,489.687655,572.907202,618.256158,691.642704,399.308409,383.880345,396.620840,412.748141,463.068230,516.824458,559.384328,614.056629,653.852347,730.537410,443.662720,489.860238,471.164987,497.335068,549.916951,567.903778,627.601133,662.148899,740.004522,800.191477,523.192492,565.108778,533.960731,571.690365,631.296209,652.587981,658.816344,709.342311,799.903395,870.877483
22,206.459039,192.387438,120.864054,119.539719,171.271020,244.509694,277.670875,377.363184,441.910518,521.168831,193.229410,111.435849,54.397844,76.590640,128.627048,195.350922,260.639412,351.043803,450.642887,527.508820,185.817244,80.264136,0.000000,75.769769,117.671077,201.992323,299.731915,352.950956,441.841875,526.734329,180.513977,115.691769,119.901537,91.852737,143.269051,238.133111,305.125124,368.744798,427.525080,524.282177,194.047927,186.316280,179.284907,162.262146,225.938570,269.044021,317.224420,404.792304,501.972768,570.273743,279.391967,253.636971,237.583799,231.159237,273.522665,345.472122,371.718495,451.682440,531.567772,581.553723,336.302509,332.355328,323.232547,342.420415,353.143494,394.003843,424.515086,505.745668,547.128186,619.110763,411.704712,382.498655,382.330246,381.434000,417.936898,462.969738,500.231938,552.417565,586.833987,659.154640,448.441583,480.570114,457.334578,464.596986,512.332100,518.752646,575.202168,602.736590,675.195520,732.504263,528.500141,558.966786,517.925095,541.615737,593.126013,606.346179,608.724303,652.713921,739.811585,807.146583
23,272.568455,249.447500,164.828943,124.644374,151.775204,192.526189,218.353699,312.270735,373.587769,449.592561,267.215636,184.991337,123.604249,45.169885,85.407975,132.299178,189.381183,277.122436,376.452376,454.208490,259.136626,156.031885,75.769769,0.000000,42.606541,126.511917,223.971923,277.196191,366.500926,450.993315,245.071580,166.624839,152.105825,61.309314,82.559025,170.550096,230.316315,293.477981,352.329919,448.820067,249.187256,221.423645,181.136009,137.509524,185.009476,204.064255,248.826006,333.694659,429.198441,496.495949,326.762512,284.556464,247.786345,208.536490,227.242674,292.672976,312.862658,384.362386,461.989974,509.467024,372.118798,350.617617,325.093798,329.410262,314.549734,352.125311,367.945076,445.828145,482.193090,552.218235,436.117190,395.651617,383.279075,365.072190,385.229000,419.279741,449.819275,498.539620,526.480900,593.445314,465.040208,483.237886,456.237408,444.151676,485.692961,479.425414,531.493354,550.927350,616.839421,670.686673,543.688179,562.926969,513.180005,522.273910,564.512725,568.975517,567.159530,603.577826,686.307793,749.382048
24,314.362697,289.393339,202.894934,152.989322,165.719450,180.530122,198.625891,285.051515,342.607309,414.827149,309.787845,227.569344,166.184290,75.753241,93.636678,113.337425,157.187078,240.073471,338.628432,417.405206,298.195985,197.733486,117.671077,42.606541,0.000000,84.343767,182.944541,236.149905,326.714483,409.933311,279.220712,196.636595,174.992134,70.608234,55.156089,131.040313,187.760030,251.111864,309.927211,406.611296,278.503019,241.697797,186.413484,131.031757,163.423926,165.687888,208.194527,291.733227,386.736306,453.897835,350.645374,300.620665,253.977894,197.547874,200.340241,260.367868,276.861158,343.786761,420.421581,467.129547,389.057948,358.320514,324.222003,319.940191,290.340720,325.405626,332.777789,408.543351,442.459137,511.570999,445.884217,399.719953,380.707790,352.954084,363.369815,390.815479,417.449678,464.110060,488.751766,553.230420,470.096801,480.268193,451.456822,428.568250,466.195542,452.908908,502.271870,517.361964,579.860975,632.039610,547.180114,559.942962,505.735547,506.551957,543.329880,542.977275,538.910426,571.204231,651.525660,712.465545
25,394.467452,365.500978,276.904117,215.335111,205.794309,171.076073,169.233400,231.185000,278.453645,341.743688,393.493672,311.283735,249.336738,149.780622,140.607237,105.919522,101.417861,164.866528,260.292068,340.409357,381.156188,282.075802,201.992323,126.511917,84.343767,0.000000,99.850574,152.725275,244.913949,326.204626,357.949319,272.670231,244.756633,140.812793,88.433560,79.060981,104.553184,167.005191,225.881090,322.323211,352.143095,305.551683,233.525926,168.233274,164.637517,113.163155,140.812884,214.963312,306.074725,371.549765,416.421737,356.836054,297.522037,216.204771,182.326442,221.210031,224.882960,273.009393,344.635005,387.162811,444.353446,399.963947,352.475094,332.207345,271.559362,298.393364,281.422291,348.676448,373.820331,439.078051,488.797450,434.067617,403.745603,358.360144,346.806042,356.847901,372.186900,412.095810,426.425252,482.113248,504.541880,499.918831,468.314594,424.030789,452.006279,422.332901,463.851954,467.057334,519.056953,565.772860,577.522200,578.095120,516.183475,499.836349,523.748119,511.994633,502.397040,523.524965,596.535896,651.043105
26,483.793414,450.192032,361.230273,292.210387,265.122420,189.076835,163.040764,174.681941,201.417043,250.176472,488.681005,406.824724,344.301660,239.798160,215.411128,151.135221,87.144994,78.243929,163.698466,244.397725,480.791598,379.995616,299.731915,223.971923,182.944541,99.850574,0.000000,53.233010,145.284122,227.049246,457.497047,371.792616,342.257683,239.939164,184.275294,123.872578,46.305519,79.156527,135.473904,227.834654,450.224282,399.928969,321.526117,255.442457,230.356906,137.532314,124.995874,156.094072,228.343703,286.431394,510.607867,446.439745,380.974463,287.994116,227.832675,234.735087,218.444001,223.865185,279.087137,309.261556,532.142093,479.236450,423.157521,390.572301,303.793103,318.354566,268.714847,315.915740,322.960700,377.878955,567.297435,507.044791,468.349579,409.057827,375.359936,363.313139,361.747208,389.092448,385.390651,422.663232,576.109548,558.789269,525.461706,461.649060,477.840003,429.537940,458.702583,444.409576,477.714359,513.773285,644.372996,633.877653,565.947135,532.311543,540.704892,515.072858,498.433630,502.964023,562.883388,605.938634
27,535.272303,500.485886,411.761212,341.305021,309.753777,223.292954,189.742567,170.237166,177.297236,209.424007,541.505124,459.756822,397.191938,292.135561,265.091558,196.669198,124.400203,62.814029,118.651764,198.507635,533.850531,433.213274,352.950956,277.196191,236.149905,152.725275,53.233010,0.000000,94.239174,173.816385,509.655411,423.608812,393.042458,291.963252,235.158831,164.418150,70.013706,46.202910,89.924254,176.752248,501.180429,448.808919,367.802339,302.178193,269.558737,168.916766,140.163181,136.870913,189.221301,240.820629,559.062771,492.644527,424.620272,327.894053,259.134546,251.174046,225.876029,205.172877,246.722126,268.001760,577.037820,520.083608,460.371074,422.458683,325.701689,333.756819,269.300365,302.783011,298.623118,345.865056,607.214868,544.570688,502.132394,436.982314,393.248947,370.299593,359.722066,379.296526,365.300339,390.960279,612.440364,588.842398,554.966899,482.264624,492.231868,435.204642,457.179898,433.561788,455.719280,485.224277,677.874786,661.762589,591.339496,549.299484,549.561720,516.985074,496.841808,492.249791,544.108967,580.361569
28,615.183931,577.060099,489.715573,416.564835,376.443631,276.480887,234.936145,169.603594,137.106328,129.087393,626.718281,545.830281,483.278259,376.638226,343.117593,269.449989,193.051001,98.861310,41.002978,109.155452,624.906494,521.850664,441.841875,366.500926,326.714483,244.913949,145.284122,94.239174,0.000000,91.614095,602.764303,517.061603,487.063259,385.221765,329.085858,257.032349,161.609911,108.715433,91.675100,119.608019,595.156165,543.026062,461.495048,396.086326,360.361369,257.150197,219.404299,178.546405,177.803583,201.689268,653.210970,586.185374,517.106662,418.659417,344.909437,324.229224,290.762120,235.774562,244.962398,240.755634,669.927423,610.668585,548.547058,506.495731,401.815858,402.778002,323.047599,334.037855,309.727667,337.502311,696.926488,632.627549,587.249876,517.206934,463.613095,428.049661,405.435657,412.229248,380.791987,381.166802,699.269758,669.943347,635.733518,554.251518,556.691345,489.424579,500.561672,462.813446,464.058220,479.219117,761.921437,740.216106,667.552789,616.182725,605.951138,564.136017,539.182930,520.066531,556.300182,578.401441
29,705.090564,667.775654,580.031506,507.340165,468.019743,367.761407,325.704599,251.556025,202.278203,148.421774,714.366946,632.907734,570.298583,464.398122,433.131757,360.236903,283.910448,190.381487,109.288867,111.358829,707.307386,606.990300,526.734329,450.993315,409.933311,326.204626,227.049246,173.816385,91.614095,0.000000,681.187750,594.616063,562.120251,463.803226,405.596442,323.652307,231.116198,167.787821,118.664942,57.242033,670.128082,613.605845,528.261948,464.752227,419.850457,315.461266,268.996581,199.839811,148.528622,138.072097,722.122441,651.198136,578.610271,476.873473,395.689852,358.957618,318.546797,235.715756,212.049838,183.550335,731.652068,665.984206,599.215410,550.354160,436.859188,428.889071,336.552063,323.870872,281.964127,289.316568,749.414696,682.074079,631.667872,554.884198,489.227539,440.070640,405.501459,398.882019,352.122431,329.237991,745.620015,706.583467,672.281909,579.646399,572.521007,495.248168,494.321208,443.559901,424.859580,426.823203,802.558997,771.932223,696.832483,633.775012,611.159828,560.058521,530.669050,497.408142,517.826202,526.971948
30,226.867063,253.255992,242.648056,284.201509,343.470458,424.930543,457.907790,556.132339,618.611776,693.825451,164.455881,148.788767,174.016641,257.035475,309.078651,374.293508,434.295319,519.214569,617.265975,696.487703,64.068285,125.804602,180.513977,245.071580,279.220712,357.949319,457.497047,509.655411,602.764303,681.187750,0.000000,86.878232,123.799248,217.694661,275.637038,364.054692,450.719278,515.242456,571.637724,669.137805,44.864441,110.236659,188.992434,231.899077,298.458719,384.314852,436.935029,528.065065,628.788362,700.762239,125.336880,151.532574,196.087741,265.335604,345.211342,420.431175,459.262450,558.675640,643.327925,702.694708,201.208845,241.024852,274.020676,324.284189,392.886937,435.921244,500.993123,586.095303,641.350928,717.551555,293.508873,294.582896,323.647078,364.110092,434.495094,502.027037,553.932701,612.376446,664.376400,751.989635,344.218836,405.307699,393.339232,445.964563,504.121557,541.853187,605.812553,654.063530,742.883817,809.560948,420.812105,474.294129,456.572663,513.106321,583.693826,618.387409,631.634060,694.040363,790.357907,868.814964
31,244.481517,254.130389,213.186296,233.178356,286.925509,355.113649,384.247233,478.747322,538.744924,611.194319,198.178095,143.673622,134.151748,187.562327,240.333819,298.670806,353.470843,435.489532,532.717188,612.419879,128.660067,102.529473,115.691769,166.624839,196.636595,272.670231,371.792616,423.608812,517.061603,594.616063,86.878232,0.000000,41.030449,131.896056,189.021938,277.327031,363.961339,428.434339,484.760980,582.260545,82.566424,76.845703,117.818804,148.383767,217.223679,298.388127,350.948857,442.146245,542.816563,614.592661,164.035503,143.329942,150.328728,192.371602,265.510819,341.541609,378.223203,474.969814,559.273847,617.519352,221.870372,229.045170,237.639163,274.453810,322.998396,366.297934,422.860097,507.862847,560.430898,636.143876,301.918340,282.002527,294.348505,315.250497,373.533499,434.446992,482.485091,539.693060,587.384384,671.889237,343.475828,387.358769,368.735968,399.680852,454.312898,480.306043,542.362837,584.289861,668.949440,733.455261,423.413161,462.894641,431.635630,472.480223,535.479797,561.859274,571.178888,627.756504,721.742115,797.209814
32,278.407156,283.076451,231.770321,239.231013,287.671910,344.482541,369.843812,459.970378,517.034231,585.927000,236.324836,175.222563,152.837447,181.693189,233.029054,283.513704,331.779205,409.281823,504.852352,585.127969,169.586261,132.014587,119.901537,152.105825,174.992134,244.756633,342.257683,393.042458,487.063259,562.120251,123.799248,41.030449,0.000000,105.593342,158.006997,241.632375,331.011349,394.987746,450.333471,547.482637,108.167594,69.700778,78.763859,108.417640,176.542779,260.679654,313.305643,404.375138,505.103534,577.175224,175.783244,135.377283,121.909255,151.860374,224.617438,300.602749,337.625617,435.342652,519.854356,578.908063,221.192582,212.555007,209.621288,240.167617,282.618687,325.884364,381.886088,466.911718,519.868990,595.712552,292.280490,263.292206,267.956535,280.807956,334.942818,394.271791,441.721956,498.794251,546.374446,631.191323,328.603399,364.176506,343.032506,365.404710,418.581424,441.275511,502.819790,543.666304,627.955165,692.429237,408.692951,441.585798,405.060329,439.693655,499.925769,523.883831,532.238431,587.610422,681.206485,756.342156
33,297.767271,283.832308,207.117024,180.981756,212.905962,247.930263,268.712223,355.337627,411.502009,480.761205,278.288178,199.046527,146.146594,104.423995,146.261179,182.783073,226.373596,304.402454,401.014846,480.926345,246.216305,160.674597,91.852737,61.309314,70.608234,140.812793,239.939164,291.963252,385.221765,463.803226,217.694661,131.896056,105.593342,0.000000,59.664026,154.313093,234.213144,298.934545,356.344675,454.032423,211.697560,171.191252,120.502081,78.275785,135.316184,181.896486,232.435661,322.447108,421.871242,492.197814,280.632715,230.284901,187.704645,149.863718,182.045660,253.622566,280.611148,364.554810,446.286799,499.648446,318.663161,291.347373,263.811696,269.246251,264.167123,304.032761,332.863624,414.615070,457.937636,531.026006,377.916228,335.211580,321.970107,305.729532,331.861145,372.627346,408.580482,460.566406,495.709837,570.181376,404.953544,421.928601,395.003230,386.144828,429.935807,429.993946,485.036625,510.998588,583.602109,641.662666,483.216841,501.618517,452.244955,464.123057,509.726612,518.540060,519.292849,561.344915,647.991304,715.434224
34,348.972379,329.771585,246.910882,204.797704,220.859217,228.099039,239.729448,315.416639,366.115494,430.020231,334.787578,254.031577,196.981291,125.321739,148.792335,158.796315,184.407792,253.145542,347.240018,427.711705,305.867476,217.871811,143.269051,82.559025,55.156089,88.433560,184.275294,235.158831,329.085858,405.596442,275.637038,189.021938,158.006997,59.664026,0.000000,95.720268,175.186575,239.834407,296.927028,394.609826,266.070318,217.181031,147.153871,84.338490,108.270275,125.775852,174.595541,263.722035,362.679277,432.734337,328.069158,269.002147,213.074759,145.175953,146.324024,210.118279,231.190173,308.471814,388.964310,440.952016,356.901436,316.960557,276.327053,267.190487,235.636342,271.544575,285.781898,364.746415,404.048946,475.841798,405.568721,354.827771,331.245614,299.082959,308.328063,337.843006,367.288985,416.096421,445.655684,515.976442,425.506416,430.105210,400.399701,373.736120,411.040324,399.073910,449.793706,468.376917,535.353502,590.638610,501.011425,509.537794,453.255101,451.650047,488.272883,488.992513,485.907692,521.067175,603.891266,667.786673
35,442.318312,419.870413,333.911836,281.006803,280.378506,249.464477,243.579357,289.577039,324.494306,372.271140,430.392831,349.341404,291.086840,206.521741,211.238776,184.968858,168.750854,201.918679,282.850881,362.925204,399.125594,313.591242,238.133111,170.550096,131.040313,79.060981,123.872578,164.418150,257.032349,323.652307,364.054692,277.327031,241.632375,154.313093,95.720268,0.000000,95.430981,155.916863,209.192117,305.962502,348.564584,289.997989,205.250006,141.101874,106.520535,35.826361,79.091704,168.153620,267.685029,338.467809,398.623951,329.460657,260.253957,164.414781,109.192830,142.206900,149.109635,214.071629,293.472643,345.381507,412.911377,356.258654,299.288207,268.660515,195.033717,219.815098,205.778865,278.271758,311.691862,381.876564,443.946460,383.179769,345.185510,290.169208,269.983949,277.805454,294.815140,337.285324,358.061562,422.905310,452.263261,437.342662,404.503724,350.326316,375.081094,343.276860,385.306153,391.655932,449.620841,501.004614,521.082067,513.709437,448.199558,424.777882,445.507004,432.939417,423.665395,447.264706,523.549447,582.179553
