node_id,0,1,2,3,4,5,6,7,8,9,10,11,12,13,14,15,16,17,18,19,20,21,22,23,24,25,26,27,28,29,30,31,32,33,34,35,36,37,38,39,40,41,42,43,44,45,46,47,48,49,50,51,52,53,54,55,56,57,58,59,60,61,62,63,64,65,66,67,68,69,70,71,72,73,74,75,76,77,78,79,80,81,82,83,84,85,86,87,88,89,90,91,92,93,94,95,96,97,98,99
0,0.000000,98.242059,169.093687,236.347378,328.782903,380.946068,497.689038,535.796756,637.208390,708.590229,57.260524,147.886779,215.119756,278.045595,337.534793,387.278857,474.823703,581.058881,650.205502,728.017307,162.657964,201.529289,215.022690,277.309294,394.118900,454.572485,524.605134,581.740479,670.501409,734.514399,213.880495,257.601567,288.916343,357.820635,391.544853,469.915105,558.549803,603.699501,698.425368,751.408501,290.154974,309.955282,370.078767,412.887868,448.428426,533.471033,591.801761,658.026028,737.778608,784.053678,362.982066,400.753610,415.312598,459.358594,504.278800,580.164714,622.733017,703.862742,763.303106,830.471621,471.618087,446.334237,492.231244,526.506915,577.982380,620.602141,658.715340,740.345064,804.028227,864.255465,540.251625,553.517187,568.256716,616.412131,647.368303,690.210144,736.508372,784.562397,885.699277,924.606204,625.253444,610.279688,665.254323,682.664892,706.314304,741.397171,792.025871,846.621157,910.063413,988.776087,688.022894,698.418424,701.914281,723.231709,803.330411,822.585499,853.320766,920.141934,976.949774,1011.556850
1,98.242059,0.000000,71.155160,142.587224,233.660760,286.274821,400.559878,439.066705,540.617874,611.762361,72.888710,80.030679,121.536064,181.951910,239.313243,289.042098,376.595862,482.863613,552.308030,629.928225,166.656668,153.871158,139.890468,186.596693,300.818413,357.654676,426.625410,484.137691,572.448284,636.276030,191.867944,217.167815,224.612536,271.938773,303.723897,379.669542,463.589111,508.653611,602.140840,654.515123,268.779906,274.549880,307.295248,342.063322,365.309710,446.200243,500.051769,565.091051,643.217141,688.457588,339.581223,362.367079,365.514510,391.766156,428.910560,498.664346,535.754459,615.682374,672.945198,736.663289,448.511119,412.353829,443.792079,466.653311,510.883050,544.346995,576.214417,654.257859,715.612290,773.556392,516.022178,517.017655,520.798958,556.370240,583.607530,614.632201,660.434559,701.096576,799.969321,836.505969,601.337305,574.494309,618.311834,626.384871,644.850883,673.433430,715.585312,766.128628,827.866651,904.114831,663.086038,663.687026,660.902335,671.888839,743.659225,759.552325,780.676232,845.375710,896.482027,927.747966
2,169.093687,71.155160,0.000000,76.474244,164.140898,216.847609,329.499293,368.137294,469.713201,540.760143,139.652893,92.565710,70.466628,118.883363,168.633823,218.449323,305.898166,412.027222,481.190579,558.923724,208.392733,161.470142,119.549651,134.401927,240.276694,290.618118,357.208871,415.495823,502.729562,565.802943,213.769856,221.376100,204.921145,222.864894,251.013018,322.333528,399.221302,443.996014,535.501836,586.895221,283.336260,277.721128,283.364118,308.275731,317.069197,391.767985,439.746937,503.000033,578.842071,622.644946,348.303023,358.119078,351.278568,359.727779,387.975943,450.132173,480.843910,558.932019,613.511118,673.038130,453.359404,409.818725,428.169164,440.201510,476.754674,500.749275,525.861521,599.591612,658.175720,713.442862,518.320959,509.645607,504.234018,528.098743,551.550586,570.990866,615.924970,648.936397,745.070862,779.034053,602.269610,566.596480,600.559640,600.503556,614.149088,636.519447,670.333115,716.638321,776.429657,849.980228,662.332733,655.295813,647.491650,649.733911,713.599166,726.395906,738.627690,801.002424,846.486642,874.394933
3,236.347378,142.587224,76.474244,0.000000,92.623345,144.598707,263.503432,300.618393,401.637373,473.253828,214.276407,164.522680,105.633382,110.568091,118.108219,165.429765,249.379603,352.967707,418.348362,497.377857,282.789421,224.853434,170.582124,145.549090,220.481314,250.729318,306.772897,367.149345,449.197985,508.168040,281.199477,278.975821,245.506534,226.317036,246.006859,304.722213,363.744969,406.917383,491.979197,540.085489,344.732732,332.072150,314.410895,327.018887,315.557780,377.102089,412.632092,470.967702,540.685225,580.551101,404.304458,404.192917,388.881076,378.351694,394.299051,443.669403,463.188498,536.696256,585.558393,635.803110,504.495238,455.985503,462.264265,462.780613,489.493978,500.483611,515.004077,580.515548,633.537090,683.259521,566.505733,549.793535,535.820999,546.772906,565.379685,569.436610,612.499849,633.476418,724.149891,753.344478,648.340732,605.439355,629.470160,620.744009,628.658913,643.088197,665.187344,704.714737,760.955398,829.612594,706.401509,692.652879,680.164139,673.430110,727.709785,736.665852,737.287607,795.897350,832.765652,855.170305
4,328.782903,233.660760,164.140898,92.623345,0.000000,52.709114,171.760148,208.218589,309.057997,380.714219,303.792272,241.019299,162.809731,125.244973,65.425945,93.058305,165.428687,264.752051,327.413399,406.842081,359.206829,287.051491,225.231866,166.721085,186.118918,186.416727,227.146617,288.020099,364.253783,419.859474,345.841866,330.729941,279.892797,220.278921,226.767430,263.796617,298.323406,338.362875,415.288447,459.882890,398.502130,376.957779,331.709472,328.601787,293.492946,335.241813,354.850699,406.198801,468.463346,504.156165,448.624153,435.330621,409.901502,376.550019,376.729212,408.637016,414.499394,481.065052,522.980241,563.384660,539.392348,485.473701,475.963021,462.066698,475.802091,470.855740,472.625066,527.493979,573.733488,617.216449,596.004257,568.844061,544.141591,538.652465,550.861945,536.488756,576.479498,583.523718,667.148525,691.140896,673.487157,621.591317,632.286854,612.854454,613.579589,618.187689,626.271984,657.629139,709.343102,772.201776,727.942481,705.346377,686.918130,668.863767,710.464790,714.666209,701.675199,755.306647,782.337958,798.741356
5,380.946068,286.274821,216.847609,144.598707,52.709114,0.000000,124.363505,158.481646,258.228215,330.001246,356.499928,292.146638,211.599138,165.861361,88.758998,86.302698,131.926841,222.149284,280.252518,359.973489,409.660724,334.303609,271.522975,205.443860,196.060524,173.260600,196.016770,255.614851,324.492870,375.850153,393.172513,374.126780,318.128711,243.610794,242.644922,264.001807,278.419814,314.711605,383.176058,424.088730,441.786150,417.248130,361.498586,351.015828,304.316836,332.018390,339.562348,384.380676,439.687487,471.471415,487.860337,469.273660,439.744833,395.958966,387.507074,408.043543,404.598216,465.109478,501.355960,533.638356,573.860912,518.084620,501.351859,480.376154,486.808977,472.507785,466.043508,512.842191,553.706871,592.158304,627.602518,595.767295,566.014892,551.889957,560.360606,535.126940,572.705785,570.433708,648.434559,668.505230,702.516322,646.642099,650.447928,625.410797,622.078031,620.874214,620.149081,645.855645,694.126492,752.588408,754.908749,728.056459,706.707794,682.756342,716.894924,718.278201,697.051767,747.142595,767.507892,779.690848
6,497.689038,400.559878,329.499293,263.503432,171.760148,124.363505,0.000000,40.041551,140.820941,211.330989,467.313390,391.722569,306.488543,246.834262,167.270311,123.490146,62.574739,101.255391,156.024683,235.698205,503.346076,418.148361,355.455245,276.704001,208.652644,139.876033,105.981079,153.432762,205.360292,252.112173,475.251005,444.528571,377.476151,275.725269,258.299140,239.865060,203.608377,227.515690,275.135572,309.118997,509.360376,476.915315,396.563156,368.884611,299.437245,290.949333,269.535412,296.858989,336.239650,360.635689,541.982085,509.389479,470.407181,403.208963,374.660557,366.967556,342.325700,386.577592,410.010155,426.721867,611.982660,552.829085,517.881767,480.174896,468.641199,433.018208,408.046864,435.431725,464.259750,492.537858,656.459076,613.024505,571.270204,536.389690,535.617576,486.101603,517.021606,494.679136,559.776370,572.215817,722.765289,657.675367,643.954144,605.922120,593.030404,578.371716,558.009142,571.146873,611.593497,660.857622,768.652571,731.238724,702.940949,665.014159,680.721531,675.601861,636.490255,678.164929,684.726362,688.716695
7,535.796756,439.066705,368.137294,300.618393,208.218589,158.481646,40.041551,0.000000,101.583712,172.794856,506.436892,431.617030,346.440643,286.869154,207.196124,163.432146,94.668428,85.794348,124.139624,203.482790,543.387549,458.059314,395.428515,316.444830,243.984529,170.305982,119.433971,153.414085,186.724659,224.562607,515.041168,483.697307,415.986245,312.222675,292.819602,267.019758,215.591241,232.313188,265.288219,292.834966,548.153670,515.057501,432.124276,402.001589,329.320065,311.796430,280.724471,299.113098,328.379096,347.127372,579.298783,544.973838,504.762735,433.941876,401.368615,386.065003,354.619791,391.259385,408.085439,415.311511,646.834176,587.386511,549.424521,508.543738,492.794991,451.548871,420.712527,439.876174,462.643060,485.106851,689.590482,644.163583,600.149508,560.590812,557.347491,500.875269,529.142674,499.136912,557.669352,566.049534,754.040344,687.328311,669.682217,628.547546,613.073908,594.414625,567.362245,575.342030,612.029133,656.552710,798.441030,758.840450,729.030588,687.742381,698.055178,690.910145,645.831424,683.983891,684.601687,684.648161
8,637.208390,540.617874,469.713201,401.637373,309.057997,258.228215,140.820941,101.583712,0.000000,71.780071,607.980162,532.211341,446.836597,386.042195,307.812194,262.237021,183.065466,102.391661,60.459978,120.810205,642.538331,555.561250,493.573238,413.299566,328.912868,248.573173,176.168547,174.764520,151.295845,155.238625,611.617532,577.327581,507.443050,398.652352,374.558950,332.662720,252.287405,250.681969,243.051304,250.542406,640.058951,604.710167,514.401616,478.038695,398.878724,360.884334,309.356411,304.798425,306.129312,308.763949,665.854899,626.321749,582.879692,503.238615,461.214018,427.818543,381.278167,397.425127,396.821379,379.267196,725.322034,665.391787,619.275498,570.474505,544.173449,489.815513,445.463914,443.443757,450.065122,456.950728,762.742555,711.990673,662.229812,610.889556,601.339976,528.448567,549.349764,500.810531,541.181342,539.055918,821.448037,750.675168,722.572363,673.763601,651.822845,623.218032,579.708364,574.446611,600.845233,632.565718,861.363166,815.975274,782.308203,732.493786,728.612194,716.330923,656.658443,685.230464,670.747739,660.818065
9,708.590229,611.762361,540.760143,473.253828,380.714219,330.001246,211.330989,172.794856,71.780071,0.000000,678.600482,601.340411,515.862367,454.091545,377.355710,330.609022,247.941141,152.215213,79.968361,78.410704,710.031087,621.737731,560.447188,479.445848,388.340521,306.498961,228.832217,210.203631,152.760843,122.255363,676.888406,640.379497,569.225382,457.986023,431.348400,380.982017,288.020547,275.520525,240.470647,231.067034,701.579510,664.705896,569.869882,529.807898,447.861373,398.442183,336.552082,317.258815,298.387477,288.248284,723.324518,680.313347,634.965352,550.323338,502.901880,458.702193,403.887412,405.590836,392.636411,357.159690,776.721965,716.803934,665.442916,611.847235,578.914648,516.897501,464.671804,448.190812,443.080349,438.269981,810.160992,756.015600,702.718277,643.960295,630.282492,547.537500,562.984230,502.622820,529.056261,519.288514,864.478424,791.311221,756.206738,702.624628,676.522059,641.493496,587.321031,572.845998,591.423883,613.391261,901.000480,851.824219,815.711796,760.424463,746.762580,731.051039,661.964248,683.391779,658.345050,641.360582
10,57.260524,72.888710,139.652893,214.276407,303.792272,356.499928,467.313390,506.436892,607.980162,678.600482,0.000000,94.712465,170.835616,235.365890,302.539229,351.466776,438.782314,545.205870,616.446829,692.891539,114.948002,144.271044,161.003813,228.972444,346.603892,411.681515,484.756632,540.133284,630.642680,696.663285,159.758555,201.032852,232.063143,305.668978,340.119842,419.500559,512.011813,557.125203,653.449380,707.507963,237.306078,254.414844,312.926598,356.351415,394.614492,481.102691,542.019507,609.059668,690.299556,737.826269,310.269465,345.193718,358.430148,402.397721,448.249682,525.437388,569.988880,651.559303,712.171436,782.024482,419.562632,391.715914,435.595014,469.251304,520.887104,564.553101,604.156873,686.992249,751.699327,813.211591,488.153004,498.724009,511.831234,559.166198,590.122683,633.966437,680.309751,730.154619,832.029823,871.980734,573.466325,555.737794,608.999503,625.573000,649.058499,684.285245,735.849807,791.276266,855.140477,934.609989,636.101508,644.234002,646.566442,666.535427,746.122876,765.324981,796.563034,863.627521,921.511271,957.075260
11,147.886779,80.030679,92.565710,164.522680,241.019299,292.146638,391.722569,431.617030,532.211341,601.340411,94.712465,0.000000,85.485909,148.843756,224.456440,270.855003,356.392930,461.988174,535.121968,609.606211,118.868991,75.349943,67.157090,136.055884,253.484319,322.037089,397.631501,450.974395,542.760246,610.505405,122.089883,138.612064,146.562245,210.976634,245.415617,324.914880,419.048717,464.059584,561.260436,615.995065,194.990457,196.189636,229.349481,267.657710,300.616391,386.484993,447.530535,514.790300,596.600604,644.749528,263.506190,282.841251,285.567730,315.979915,357.531125,432.304930,475.487350,556.950273,617.460216,687.866552,371.415751,333.229746,363.851380,388.455416,435.210605,473.758684,510.831169,592.759316,657.104695,718.501119,438.286015,437.327794,440.862127,478.401522,506.807765,543.661592,589.840310,636.678106,737.987537,777.472648,523.356857,494.794502,538.400123,547.649657,567.413763,598.395484,645.285116,698.954769,762.221308,840.926041,584.745265,583.990953,580.881433,592.406670,665.836775,682.736653,708.071018,774.068180,829.323399,863.671329
12,215.119756,121.536064,70.466628,105.633382,162.809731,211.599138,306.488543,346.440643,446.836597,515.862367,170.835616,85.485909,0.000000,64.662224,139.252149,185.375136,271.185731,377.065240,449.860817,524.791648,198.941592,124.765670,65.674463,65.917822,179.523581,240.892176,314.330855,369.302500,460.055187,526.786333,183.313513,174.320367,141.755379,153.682788,183.587263,258.274992,343.436029,388.583226,483.610154,537.135950,241.049048,226.529731,216.163120,238.237134,247.947467,325.682096,378.535402,443.811497,522.762848,568.955422,298.832828,299.527218,287.340756,289.810319,317.605091,381.354401,415.162242,494.579302,551.428657,615.770754,399.033176,351.408672,362.827496,371.174506,406.421128,430.795165,457.854777,533.846364,594.387607,652.021093,461.596508,447.528651,438.054050,458.485253,481.355644,501.095751,546.224399,581.843189,679.542578,715.306612,544.056513,503.858506,533.586612,531.254255,544.065097,566.054108,600.826427,648.435263,709.065431,784.033247,602.812848,591.913517,581.980930,581.301859,643.532243,656.029633,668.560327,731.363019,778.540541,808.020197
13,278.045595,181.951910,118.883363,110.568091,125.244973,165.861361,246.834262,286.869154,386.042195,454.091545,235.365890,148.843756,64.662224,0.000000,82.336757,123.810339,207.798488,313.157536,386.516923,460.762735,256.586888,172.577883,109.329172,41.723586,121.446041,176.720186,249.673603,304.810467,395.398285,462.205270,230.821763,208.325717,154.651744,115.791105,137.551432,204.227706,281.733241,326.755089,420.443374,473.407123,275.938229,252.190364,211.185701,217.807669,206.501491,274.816396,320.865184,384.413020,461.419179,506.521254,323.566684,310.972077,288.406491,268.730667,283.964897,337.094542,363.281496,440.525343,494.632217,555.161173,414.647626,361.642056,358.233217,353.724816,378.932759,391.773304,410.859698,481.887739,539.528831,594.575187,472.462311,448.884044,429.791973,436.647610,454.824394,461.288759,505.104877,532.374593,627.102693,660.336457,551.417414,503.140229,521.825040,510.752321,518.107635,533.057099,558.572643,601.534955,660.026861,732.217346,607.327067,588.892889,573.940856,564.053318,617.142048,626.252776,629.328539,689.439823,730.800131,756.934418
14,337.534793,239.313243,168.633823,118.108219,65.425945,88.758998,167.270311,207.196124,307.812194,377.355710,302.539229,224.456440,139.252149,82.336757,0.000000,49.833028,137.291372,243.572188,313.931026,390.861324,337.015701,254.829231,191.528895,118.843458,120.919166,133.256965,190.309477,250.042995,334.847369,397.179001,313.153959,289.216541,230.265475,157.384075,161.619017,200.368174,246.641690,289.251480,374.022500,422.811990,356.428813,329.965164,273.190177,265.677273,228.067014,272.513890,298.542544,354.377749,422.677996,462.510299,399.971010,380.516786,351.513877,312.601804,311.317265,344.682696,354.317212,424.085797,469.956917,517.822453,485.102053,429.419997,414.746561,397.907178,410.429213,406.211724,410.572753,469.416405,519.148197,566.623817,539.117160,508.600772,481.308480,473.512596,485.444628,472.459632,513.102494,524.287839,611.208752,638.120230,614.678135,560.317345,568.225751,547.662068,548.153657,553.208875,563.632423,597.459996,650.981892,716.595689,667.815633,642.984574,623.401613,603.874542,645.079334,649.514155,638.389740,693.268548,723.583583,742.669429
15,387.278857,289.042098,218.449323,165.429765,93.058305,86.302698,123.490146,163.432146,262.237021,330.609022,351.466776,270.855003,185.375136,123.810339,49.833028,0.000000,87.584928,193.993100,265.145503,341.500318,380.367265,294.659234,232.001249,153.492696,111.494395,93.424740,141.411020,201.722462,285.228656,347.354469,351.866417,322.640698,258.004772,166.810664,160.087266,178.005241,205.445504,246.186441,327.118927,374.660947,388.458923,358.193591,288.178804,271.011410,218.870157,247.112025,261.967180,313.417915,377.865225,415.891401,425.717910,399.362676,365.332217,313.535003,301.758252,322.523164,323.106689,388.205065,430.065278,473.003863,503.629048,445.999197,422.276550,396.922499,400.936200,386.594007,382.822393,434.880915,480.685695,524.875506,553.595160,517.429279,484.169504,466.414678,474.210035,449.973129,488.401736,491.313101,574.109129,598.274445,625.591407,566.633577,566.474597,539.697874,535.823026,534.888887,536.889255,565.857932,616.720367,679.145188,676.040922,646.266129,623.373145,597.300861,630.602085,632.200903,613.189074,665.007921,689.819488,705.700319
16,474.823703,376.595862,305.898166,249.379603,165.428687,131.926841,62.574739,94.668428,183.065466,247.941141,438.782314,356.392930,271.185731,207.798488,137.291372,87.584928,0.000000,106.453848,178.737338,254.114336,462.488971,373.796707,312.676046,231.516685,149.518449,77.318029,64.139528,123.909803,199.901497,260.052467,429.135428,394.269476,324.725096,218.290316,198.153148,177.509302,153.615554,185.352143,251.597062,294.567930,457.309384,422.781635,337.579111,307.614117,236.930698,231.195825,218.445657,255.594502,307.781106,340.173618,485.778158,450.405202,410.112694,340.909325,312.251531,307.915180,288.994485,340.726229,371.926819,401.735707,552.165885,492.725064,455.872642,417.600183,406.809235,374.068461,353.787629,389.297710,425.106977,460.860324,595.262853,550.895444,508.715888,474.486873,474.670570,429.654586,462.638173,448.019777,520.397820,538.054966,660.697567,595.209685,581.619583,544.524217,532.841708,520.695131,505.956330,524.285717,568.782235,623.649788,706.218208,668.673396,640.530863,603.535504,621.991407,618.247214,584.150106,629.117247,642.216422,651.059110
17,581.058881,482.863613,412.027222,352.967707,264.752051,222.149284,101.255391,85.794348,102.391661,152.215213,545.205870,461.988174,377.065240,313.157536,243.572188,193.993100,106.453848,0.000000,75.436126,147.769868,565.636177,475.314869,415.622879,333.938039,236.817102,154.772417,76.686185,76.819021,104.127524,155.267265,528.941005,490.255836,418.373868,306.233145,279.145996,231.390523,151.491461,156.638545,179.504170,208.751825,550.364735,512.907568,417.753153,378.685188,298.010810,258.844168,211.847579,219.049835,242.733034,261.920385,571.110644,528.552714,483.816053,401.844467,358.847628,327.311285,285.306684,312.311704,324.231077,329.676969,625.958650,565.999212,517.721651,468.124047,442.288554,390.480929,350.777306,360.316822,378.769314,399.406267,661.655887,610.010377,559.855927,509.250716,500.873513,433.010907,457.305990,419.238098,473.366270,480.495219,719.344845,648.320038,620.704681,573.162325,552.845536,527.630824,491.914383,494.904047,528.907689,571.367906,758.980714,713.746951,680.438826,632.089163,632.608733,622.417811,569.988058,604.567007,601.057445,599.512009
18,650.205502,552.308030,481.190579,418.348362,327.413399,280.252518,156.024683,124.139624,60.459978,79.968361,616.446829,535.121968,449.860817,386.516923,313.931026,265.145503,178.737338,75.436126,0.000000,79.733051,640.293580,550.367663,490.282567,408.684048,312.037687,229.974082,150.827654,130.706807,91.037061,102.850733,604.257999,565.679999,493.721440,381.278542,353.478834,301.153679,208.913837,199.866412,182.971046,190.797727,625.591547,587.832467,491.182071,450.270874,368.031775,319.298390,260.312728,248.646273,245.787665,248.859487,645.159324,601.096401,555.398484,470.357860,423.229098,381.528370,329.971213,340.268477,336.988011,319.349192,696.991167,637.095743,585.488081,532.292293,500.748853,441.298153,392.694332,385.460919,389.985793,396.609051,730.192921,676.206057,623.354368,566.370564,554.129977,475.826279,494.462003,442.241457,480.793933,478.726519,784.802088,711.964012,678.545743,626.591624,602.224929,570.391208,522.803410,515.290003,540.660791,572.169954,821.882372,773.580083,738.166936,684.822055,675.864212,662.114783,599.190045,626.139485,610.388481,600.426952
19,728.017307,629.928225,558.923724,497.377857,406.842081,359.973489,235.698205,203.482790,120.810205,78.410704,692.891539,609.606211,524.791648,460.762735,390.861324,341.500318,254.114336,147.769868,79.733051,0.000000,711.793868,620.591303,561.945734,480.242512,377.121993,296.048822,216.036624,177.995158,95.526870,44.333570,672.848033,631.561303,558.636566,444.721086,414.342049,352.986210,249.200435,226.308985,171.447845,154.342669,688.945759,649.468941,547.986578,502.952050,418.801955,356.888571,286.597717,255.541410,224.927614,210.672205,702.990142,654.764759,607.071330,516.745011,463.543302,408.841442,347.788470,338.848154,319.462917,279.056190,746.494670,687.094865,629.229646,570.511987,530.919982,462.569503,404.670475,378.858992,368.359760,360.457739,774.311482,716.370910,659.460561,593.615708,576.269885,486.377484,497.880068,431.263777,452.365881,441.202498,822.939120,747.530376,705.486700,647.932631,618.538207,578.918631,518.400653,499.529594,515.293520,535.286889,855.486921,802.670442,764.397090,704.540883,683.456649,665.551546,591.420936,609.569063,581.320719,563.207685
20,162.657964,166.656668,208.392733,282.789421,359.206829,409.660724,503.346076,543.387549,642.538331,710.031087,114.948002,118.868991,198.941592,256.586888,337.015701,380.367265,462.488971,565.636177,640.293580,711.793868,0.000000,93.224009,150.020252,231.702385,340.284426,417.395801,496.394936,544.803763,638.104977,708.375038,62.704341,117.834553,177.948476,282.029302,317.472906,397.036804,501.410133,545.045137,644.646318,701.226761,130.340622,158.203162,244.822989,297.020501,355.744247,446.852570,517.900547,586.631383,671.988591,723.232801,202.120181,246.692265,270.429386,334.841344,390.826182,476.147667,531.324551,613.497188,678.653223,758.648044,309.681277,288.478621,343.273041,388.290870,447.690356,504.137939,554.303018,642.893178,711.989980,778.740628,378.240550,395.456508,416.849691,476.022687,510.782070,570.582514,616.758159,679.344555,784.414328,829.464947,462.979072,451.396693,512.149564,537.122185,565.888982,608.606280,671.893955,733.540782,799.745947,883.279847,525.781378,538.604396,544.870446,572.811876,659.683697,682.408924,725.788073,795.228922,862.028566,903.697923
21,201.529289,153.871158,161.470142,224.853434,287.051491,334.303609,418.148361,458.059314,555.561250,621.737731,144.271044,75.349943,124.765670,172.577883,254.829231,294.659234,373.796707,475.314869,550.367663,620.591303,93.224009,0.000000,63.314673,142.330577,247.313349,325.299664,404.758782,452.093144,545.474707,616.089013,58.875590,63.380133,91.642537,189.067097,224.608588,304.509906,408.235751,451.971198,551.504382,608.033166,121.866132,120.921015,169.456355,216.047445,266.332523,356.787405,426.033568,494.682133,579.633964,630.539509,188.499928,208.670112,215.700648,259.736920,309.582479,391.422794,442.914580,525.198153,589.235845,667.176747,296.084894,258.482672,293.630047,324.981416,377.433514,425.213627,470.185195,556.741452,624.485648,689.797013,362.951266,363.425078,370.435307,414.911988,445.964862,493.688386,540.097112,596.059653,699.996227,743.169172,448.062971,420.895609,467.968779,481.756456,504.788208,540.682434,595.615638,653.795359,718.916642,800.649952,509.549473,510.061583,508.487813,523.958043,601.955804,621.062959,654.210793,722.069685,783.464784,822.052932
22,215.022690,139.890468,119.549651,170.582124,225.231866,271.522975,355.455245,395.428515,493.573238,560.447188,161.003813,67.157090,65.674463,109.329172,191.528895,232.001249,312.676046,415.622879,490.282567,561.945734,150.020252,63.314673,0.000000,81.717566,194.290048,268.539435,346.907851,396.848666,489.808403,559.398455,121.918890,108.660945,86.910930,145.494605,180.585155,260.780555,358.872938,403.508056,501.970003,557.630126,175.451178,161.746699,168.479457,202.388361,233.665702,320.365703,383.561794,451.424489,534.475384,583.750990,233.814320,238.810850,232.468329,251.877272,290.942049,365.150480,409.061542,490.761094,552.043722,624.604763,335.860846,290.611047,309.980840,327.632328,371.018120,407.039138,443.695503,525.992766,590.862917,653.077832,399.772251,390.133627,386.540431,417.048710,443.768233,477.069154,523.169370,569.571633,671.088393,711.038777,483.255842,447.147225,483.484593,487.796474,505.180311,533.722360,578.562967,631.830692,695.064650,773.877129,543.009475,535.942618,529.054043,534.806567,604.145798,619.694467,642.079391,707.637704,762.208887,796.558199
23,277.309294,186.596693,134.401927,145.549090,166.721085,205.443860,276.704001,316.444830,413.299566,479.445848,228.972444,136.055884,65.917822,41.723586,118.843458,153.492696,231.516685,333.938039,408.684048,480.242512,231.702385,142.330577,81.717566,0.000000,117.647971,187.650213,265.411239,316.415245,409.005538,478.123919,198.616208,170.582975,113.305910,88.470490,117.670560,193.244294,283.160205,328.234373,425.205873,479.998152,237.615200,211.809321,170.725317,181.820812,182.674176,259.862111,314.554301,380.764973,461.359297,508.950109,282.705961,269.254033,247.365962,233.368788,254.997191,315.858400,349.379055,429.089416,486.726804,553.428645,372.937162,319.974193,318.315292,317.361090,346.907620,366.606821,392.062686,468.020962,529.018925,587.513111,430.820595,408.108358,390.865762,402.204288,422.511968,436.772494,481.581746,515.931589,613.729635,649.909560,510.040328,462.755773,484.005893,475.911507,485.634620,504.271511,535.937536,582.719036,643.179297,718.157011,566.275485,549.022048,535.181179,528.070073,585.001982,595.806125,604.559434,666.628291,712.759318,742.110659
24,394.118900,300.818413,240.276694,220.481314,186.118918,196.060524,208.652644,243.984529,328.912868,388.340521,346.603892,253.484319,179.523581,121.446041,120.919166,111.494395,149.518449,236.817102,312.037687,377.121993,340.284426,247.313349,194.290048,117.647971,0.000000,82.064220,161.840363,205.006847,298.449890,369.670256,296.706080,254.485529,181.875055,69.791393,50.349671,84.324675,165.565793,210.604803,308.056670,363.410184,313.558909,276.406668,188.150064,162.316146,108.528193,156.623086,199.643940,264.298204,343.844857,391.317782,337.071517,301.008944,261.897513,202.487974,191.959018,225.292181,243.368656,319.371348,373.269823,436.369243,403.331082,344.210524,313.327574,285.449577,291.343303,285.639062,294.672947,361.521454,418.143314,473.400851,448.781430,408.739937,373.168164,355.913412,365.692077,352.660105,394.276123,413.377544,506.314166,538.916831,517.764818,456.583214,455.001626,429.604532,428.070602,432.322054,445.955404,484.239124,540.988191,611.591296,566.603578,535.181961,511.890310,486.749330,524.487190,528.598855,519.515972,576.348929,612.503041,636.609838
25,454.572485,357.654676,290.618118,250.729318,186.416727,173.260600,139.876033,170.305982,248.573173,306.498961,411.681515,322.037089,240.892176,176.720186,133.256965,93.424740,77.318029,154.772417,229.974082,296.048822,417.395801,325.299664,268.539435,187.650213,82.064220,0.000000,80.122974,128.950324,221.363043,290.991805,376.824506,336.153574,263.833971,151.508584,125.987273,101.312990,113.422515,156.190309,244.883718,296.883530,395.622407,358.225625,265.907610,232.208441,159.638908,161.564517,168.566004,221.315484,290.311440,332.277325,417.576677,378.143118,335.967058,263.842625,235.563463,238.622467,231.387596,294.803378,337.421974,385.307831,478.413376,418.667957,379.141296,340.325219,331.327596,304.353855,292.981076,341.632602,387.542914,433.451451,519.539570,473.981936,431.398601,398.778125,400.787724,364.040197,400.265957,398.396718,480.740121,505.677004,583.835890,517.934250,504.978531,469.700578,460.199092,452.407754,447.018274,473.323505,523.435904,585.839362,628.965486,591.461345,563.716692,528.507049,551.614148,550.125488,524.164857,573.902805,596.598681,612.333653
26,524.605134,426.625410,357.208871,306.772897,227.146617,196.016770,105.981079,119.433971,176.168547,228.832217,484.756632,397.631501,314.330855,249.673603,190.309477,141.411020,64.139528,76.686185,150.827654,216.036624,496.394936,404.758782,346.907851,265.411239,161.840363,80.122974,0.000000,60.903535,145.985332,212.956572,456.818921,416.210049,343.714863,230.654658,202.705594,156.694029,97.823062,123.355872,188.269579,233.553732,475.142681,437.057848,341.071732,302.386356,222.717625,193.277760,163.718411,193.526289,243.670876,277.079979,494.567354,451.923464,407.448364,327.201970,287.678556,266.751589,236.933616,281.373845,309.019688,337.783138,549.726406,489.767886,443.293669,396.458690,375.743222,332.132833,302.874929,330.200302,362.614637,396.867737,586.579902,536.444487,488.364309,443.385022,438.643852,382.085013,411.727965,389.341727,458.088489,474.431113,646.101761,576.478956,553.582816,510.190841,493.802072,475.274172,452.094288,465.802980,507.939480,560.750407,687.462374,644.666704,613.175821,569.377792,578.696273,572.019217,530.590562,572.356924,581.277979,588.301312
27,581.740479,484.137691,415.495823,367.149345,288.020099,255.614851,153.432762,153.414085,174.764520,210.203631,540.133284,450.974395,369.302500,304.810467,250.042995,201.722462,123.909803,76.819021,130.706807,177.995158,544.803763,452.093144,396.848666,316.415245,205.006847,128.950324,60.903535,0.000000,93.443958,165.154771,501.531541,457.486843,384.109176,269.866952,237.982968,175.192081,78.418220,80.186033,127.692167,172.939030,512.783926,472.532681,370.020773,325.268124,241.447373,188.648946,135.360113,145.706898,184.996662,216.361966,525.046819,477.029338,429.770616,341.599976,292.706356,253.146823,208.559926,238.025329,256.722345,278.161728,570.124365,510.462610,455.955751,401.657385,370.774315,315.138316,273.961802,286.542831,311.088672,340.117786,600.934371,545.910155,492.651892,436.948806,426.606171,356.265647,380.598400,345.772206,406.538276,419.134883,654.277173,581.260464,548.936611,499.047564,477.302103,450.929475,415.995097,421.936866,459.385221,507.429164,691.192966,643.383055,608.636099,557.740089,555.996998,545.602903,494.253103,530.765218,532.260404,535.283967
28,670.501409,572.448284,502.729562,449.197985,364.253783,324.492870,205.360292,186.724659,151.295845,152.760843,630.642680,542.760246,460.055187,395.398285,334.847369,285.228656,199.901497,104.127524,91.037061,95.526870,638.104977,545.474707,489.808403,409.005538,298.449890,221.363043,145.985332,93.443958,0.000000,72.742816,594.946767,550.552069,477.119400,362.933755,330.490685,263.439114,156.223494,130.809976,91.986409,106.410513,604.952599,564.119827,459.558327,412.354550,327.865822,262.018382,191.102640,164.622924,154.841213,162.449602,614.487640,563.967725,515.465353,423.394342,368.798486,313.463853,253.797629,253.208759,246.114349,232.279043,653.615210,594.531786,534.846652,475.269404,435.457570,368.180908,312.791572,296.871430,298.962799,307.318963,679.819237,621.239905,563.993448,498.446393,481.916690,395.369549,410.225053,352.701042,389.916107,389.402890,727.546588,652.022815,610.442429,553.855520,525.784297,489.023207,435.410914,424.976978,449.624866,482.407793,759.970842,707.422623,669.494298,610.932928,594.190358,578.291222,510.874350,535.841943,519.458446,510.680206
29,734.514399,636.276030,565.802943,508.168040,419.859474,375.850153,252.112173,224.562607,155.238625,122.255363,696.663285,610.505405,526.786333,462.205270,397.179001,347.354469,260.052467,155.267265,102.850733,44.333570,708.375038,616.089013,559.398455,478.123919,369.670256,290.991805,212.956572,165.154771,72.742816,0.000000,666.370452,622.641599,549.259127,435.019914,402.906983,336.121586,228.277613,199.281422,131.930165,110.157086,677.524330,636.805185,532.263249,484.771361,400.267395,331.799052,257.523570,219.480793,182.017944,166.344864,687.161287,636.255165,587.514899,494.588462,438.510470,378.197550,314.050350,299.011082,276.406741,234.915921,724.948722,666.090145,604.870084,543.593803,500.486238,428.970511,368.223618,337.494838,324.613615,316.186102,749.562855,689.738767,631.057682,561.588844,542.314668,448.911710,458.320097,388.818655,408.074248,397.055764,794.951331,718.540509,672.887325,613.382549,582.335737,540.444922,476.934055,456.198186,471.090732,491.154268,825.293704,770.663404,731.336050,669.224023,644.422150,625.483389,549.140331,565.998404,536.992309,519.111235
30,213.880495,191.867944,213.769856,281.199477,345.841866,393.172513,475.251005,515.041168,611.617532,676.888406,159.758555,122.089883,183.313513,230.821763,313.153959,351.866417,429.135428,528.941005,604.257999,672.848033,62.704341,58.875590,121.918890,198.616208,296.706080,376.824506,456.818921,501.531541,594.946767,666.370452,0.000000,55.881492,122.613747,233.400748,267.950310,345.670860,452.732942,495.327606,595.216217,652.301392,78.213609,97.458524,183.252203,236.520801,299.699874,390.985490,464.400670,533.096619,619.192593,671.345764,150.905225,187.678034,208.354192,272.736439,329.923670,416.317245,473.596022,555.495493,621.496459,703.910799,260.441879,232.453825,282.386417,325.725747,385.009225,442.360417,494.025822,583.443259,653.261240,721.018708,328.890674,339.644055,356.979841,413.741375,448.219857,508.367984,554.476912,618.566658,723.976432,769.883231,414.325386,396.412670,453.147181,475.721674,503.699897,545.932221,609.532637,671.716666,738.131474,822.123653,476.820906,484.676904,488.246458,512.789460,598.039207,620.276872,663.094684,732.578418,799.915884,842.241161
31,257.601567,217.167815,221.376100,278.975821,330.729941,374.126780,444.528571,483.697307,577.327581,640.379497,201.032852,138.612064,174.320367,208.325717,289.216541,322.640698,394.269476,490.255836,565.679999,631.561303,117.834553,63.380133,108.660945,170.582975,254.485529,336.153574,416.210049,457.486843,550.552069,622.641599,55.881492,0.000000,73.466885,187.629635,220.657438,295.944134,404.549052,446.147951,545.950436,603.276432,67.782846,57.578009,127.371774,180.835151,246.561698,337.650149,412.512230,481.025201,567.474460,620.170419,126.931765,145.983988,158.026908,217.037943,274.086609,360.758663,418.982399,500.673592,567.072744,650.830152,233.174301,195.258696,234.630424,272.808896,330.380531,386.534606,438.300836,527.967299,598.054991,666.253689,299.712711,300.719982,310.800964,361.762809,395.133128,452.758173,498.924707,562.722946,668.187732,714.325664,384.745224,358.149724,408.026469,425.905080,451.865668,492.113818,554.062552,615.912097,682.279364,766.243010,446.176708,447.250019,446.819740,465.631361,547.466582,568.480929,608.502910,677.700222,744.240537,786.369968
32,288.916343,224.612536,204.921145,245.506534,279.892797,318.128711,377.476151,415.986245,507.443050,569.225382,232.063143,146.562245,141.755379,154.651744,230.265475,258.004772,324.725096,418.373868,493.721440,558.636566,177.948476,91.642537,86.910930,113.305910,181.875055,263.833971,343.714863,384.109176,477.119400,549.259127,122.613747,73.466885,0.000000,114.246847,147.235328,223.422588,331.440637,373.431273,473.305808,530.538354,132.616070,100.257547,82.813847,124.773533,177.905638,269.133657,341.808392,410.519632,496.579284,548.771390,169.747766,158.907419,146.403294,170.490496,218.011950,300.084198,353.438685,435.655145,500.708260,581.640953,261.022526,210.574365,223.363610,242.096238,289.415008,333.842615,378.762927,465.968097,534.423354,600.813781,321.301836,305.877552,299.746683,331.942411,360.336133,402.647236,449.049391,504.546696,608.719202,652.517562,402.836425,362.409722,396.594904,401.793504,420.853408,452.816728,504.594824,562.205418,627.274994,709.095321,461.177570,450.781360,442.625819,448.087066,519.347150,536.226039,564.502583,631.743712,691.956185,730.427950
33,357.820635,271.938773,222.864894,226.317036,220.278921,243.610794,275.725269,312.222675,398.652352,457.986023,305.668978,210.976634,153.682788,115.791105,157.384075,166.810664,218.290316,306.233145,381.278542,444.721086,282.029302,189.067097,145.494605,88.470490,69.791393,151.508584,230.654658,269.866952,362.933755,435.019914,233.400748,187.629635,114.246847,0.000000,35.641198,116.021304,219.708705,263.043212,362.744324,419.530138,244.535160,206.721101,121.851982,108.388211,94.281613,175.654709,238.557073,306.819658,391.000880,441.542440,267.575043,234.173538,198.530187,156.716192,168.315412,227.679594,264.952322,346.086162,406.630836,479.869806,337.773835,279.558037,257.759930,242.356462,263.360781,278.318122,304.505097,382.924755,446.254663,507.674648,386.784778,352.211966,324.034618,322.368869,339.273047,348.404429,393.126251,429.159397,528.532573,566.786186,459.505018,403.170476,412.290382,396.667350,402.565656,417.625164,447.468905,494.888040,556.030540,632.348856,511.313014,485.609413,466.642096,451.135724,501.472835,510.486857,516.282440,578.159345,625.089779,655.841043
34,391.544853,303.723897,251.013018,246.006859,226.767430,242.644922,258.299140,292.819602,374.558950,431.348400,340.119842,245.415617,183.587263,137.551432,161.619017,160.087266,198.153148,279.145996,353.478834,414.342049,317.472906,224.608588,180.585155,117.670560,50.349671,125.987273,202.705594,237.982968,330.490685,402.906983,267.950310,220.657438,147.235328,35.641198,0.000000,80.432906,184.789428,227.759586,327.557656,384.480740,274.836510,235.179642,140.021833,111.993944,69.632773,142.501571,203.093639,271.255896,355.359701,405.947837,292.000163,252.573808,212.128746,153.564785,150.947785,199.805250,232.053711,312.490905,372.065057,444.350547,354.018310,294.645758,263.123408,237.736810,249.386842,254.542060,274.852368,350.541244,412.617147,473.099374,398.567924,358.512829,324.113481,311.904412,324.846204,323.822603,367.553898,398.297471,496.256513,533.353832,467.450182,406.779810,407.891818,386.087851,387.880425,397.705508,421.106403,465.642296,525.622975,600.549097,516.578056,486.224259,464.075284,442.272776,485.752791,492.389209,491.840578,551.974547,595.480367,624.446103
35,469.915105,379.669542,322.333528,304.722213,263.796617,264.001807,239.865060,267.019758,332.662720,380.982017,419.500559,324.914880,258.274992,204.227706,200.368174,178.005241,177.509302,231.390523,301.153679,352.986210,397.036804,304.509906,260.780555,193.244294,84.324675,101.312990,156.694029,175.192081,263.439114,336.121586,345.670860,295.944134,223.422588,116.021304,80.432906,0.000000,109.970216,150.236164,250.006303,307.347396,344.777007,302.597948,196.158449,150.083058,66.880154,72.621152,122.783342,190.824270,275.141678,326.220339,351.048528,301.839671,254.787258,170.576972,134.805651,144.994279,159.235726,236.648672,293.517603,363.938479,395.895719,336.045325,286.626905,241.576460,230.033419,208.589697,210.952000,277.692199,336.204401,394.384240,430.271733,379.833952,333.306401,297.465790,300.153074,272.808302,312.792024,329.075183,422.885927,457.129458,489.569843,420.894177,404.113575,368.538596,360.360322,356.897548,363.355117,400.012085,456.704407,527.992153,532.005528,491.920559,463.077221,427.269673,453.523894,454.276766,438.058199,493.293709,528.178377,552.778455
